0 0.0649010419921875 0.0762429716796875 0.0718322216796875 0.0875849013671875 0.1865117333984375 0.0378064326171875 0.17832033984375 0.0270946103515625 0.0649010419921875 0.0762429716796875
0 0.1840597001953125 0.0496127998046875 0.2776044453125 0.000757447265625 0.250336341796875 0.002272341796875 0.181408634765625 0.0427957744140625 0.1840597001953125 0.0496127998046875
0 0.2904810498046875 0 0.26737890625 0.0511276943359375 0.268515078125 0.0545362080078125 0.2749533798828125 0.056429826171875 0.3071448916015625 0 0.2904810498046875 0
0 0.0121191572265625 0.279876787109375 0.002272341796875 0.284042748046875 0.0348425771484375 0.3768300458984375 0.04241705078125 0.368498125 0.0121191572265625 0.279876787109375
0 0 0.295783181640625 0.0234808671875 0.3556215205078125 0.0295404453125 0.3518342841796875 0 0.2787406162109375 0 0.295783181640625
0 0.3086597861328125 0.455983291015625 0.1851958720703125 0.4461364755859375 0.179893740234375 0.4556045673828125 0.3071448916015625 0.4628003173828125 0.3086597861328125 0.455983291015625
0 0.0246170380859375 0.4673450009765625 0.02499576171875 0.4681024482421875 0.020451078125 0.4768130927734375 0.1139958232421875 0.536651431640625 0.1185405068359375 0.52718333984375 0.0246170380859375 0.4673450009765625
0 0.391221544921875 0.4359109375 0.3787236640625 0.432502423828125 0.3397151259765625 0.539681220703125 0.34956194140625 0.5408173916015625 0.391221544921875 0.4359109375
0 0.2022384365234375 0.52112376171875 0.2075405673828125 0.535893984375 0.3173704306640625 0.4949918291015625 0.313583193359375 0.4862811845703125 0.2022384365234375 0.52112376171875
0 0.3518342841796875 0.4203832666015625 0.268515078125 0.508625880859375 0.28025551171875 0.5150641826171874 0.359030033203125 0.42720029296875 0.3518342841796875 0.4203832666015625
0 0.376451322265625 0.5563450625 0.3931151630859375 0.46696627734375 0.3821321767578125 0.4673450009765625 0.3666045068359375 0.5752812451171875 0.375315150390625 0.5737663505859375 0.376451322265625 0.5563450625
0 0.381753453125 0.6779153583984375 0.39046409765625 0.6764004638671876 0.380996005859375 0.5559663388671875 0.3703917431640625 0.5605110224609375 0.381753453125 0.6779153583984375
0 0.1128596513671875 0.5533152724609375 0.175349056640625 0.6551919384765625 0.18633204296875 0.643830228515625 0.1215702958984375 0.5461195234375 0.1128596513671875 0.5533152724609375
0 0.159442662109375 0.59156636328125 0.24238314453125 0.680566423828125 0.24654910546875 0.673370673828125 0.167395859375 0.582098271484375 0.159442662109375 0.59156636328125
0 0.174591609375 0.6105025458984376 0.2295065400390625 0.71806006640625 0.240110802734375 0.7123792119140625 0.1840597001953125 0.6059578623046875 0.174591609375 0.6105025458984376
0 0 0.70480473828125 0.0825617587890625 0.757447328125 0.0886213369140625 0.7460856181640625 0 0.6870047265625 0 0.70480473828125
0 0.43023008203125 0.9149963720703125 0.5393024970703125 0.9176474375 0.53740887890625 0.9074218984375 0.430987529296875 0.9078006220703125 0.43023008203125 0.9149963720703125
0 0.7093494228515625 0.84568994140625 0.8248601396484375 0.8396303623046875 0.82372396875 0.8271324814453125 0.707077080078125 0.8366005732421875 0.7093494228515625 0.84568994140625
0 0 0.373637099609375 0.0195540849609375 0.380084521484375 0.0195540849609375 0.3682951982421875 0 0.3676858564453125 0 0.373637099609375
0 0.0444152509765625 0.7670197919921875 0.0007428173828125 0.7435601123046875 0 0.749917583984375 0.0444152509765625 0.7713287119140625 0.0444152509765625 0.7670197919921875
0 0 0.79699653125 0.041188638671875 0.8290450361328126 0.041188638671875 0.8227543017578125 0 0.788874869140625 0 0.79699653125
0 0.8913401318359375 0.840538392578125 0.8913401318359375 0.850804359375 0.99451629296875 0.8732629765625 0.99451629296875 0.85585609765625 0.8913401318359375 0.840538392578125