0 0.7316604404296875 0.576021490234375 0.70081603515625 0.65672521484375 0.71538165234375 0.6707278681640625 0.7527883271484375 0.58288678515625 0.7316604404296875 0.576021490234375
0 0.65021309375 0.634370126953125 0.7281193359375 0.5942861279296875 0.72676928515625 0.580636291015625 0.6444067353515625 0.6274471142578125 0.65021309375 0.634370126953125
0 0.4500784541015625 0.6624003671875 0.575199892578125 0.642402806640625 0.5831206259765624 0.6276779892578125 0.450689416015625 0.647635986328125 0.4500784541015625 0.6624003671875
0 0.7098864521484375 0.917107529296875 0.7140756181640625 0.91262957421875 0.8327174013671875 0.9356342021484375 0.8368382998046875 0.920185595703125 0.7197454404296875 0.89761128515625 0.7098864521484375 0.917107529296875
0 0.6341821494140625 0.8366709931640625 0.7368830322265625 0.895735015625 0.7493510986328125 0.8889109091796875 0.6460476640625 0.8233739736328125 0.6341821494140625 0.8366709931640625
0 0.72829891015625 0.69090996484375 0.776975462890625 0.8102994267578125 0.791327861328125 0.8126274208984375 0.742216462890625 0.691125935546875 0.72829891015625 0.69090996484375
0 0.735177291015625 0.802337744140625 0.7336283681640625 0.801907427734375 0.7196846015625 0.68453433203125 0.7114057021484375 0.6868804833984375 0.7208931611328125 0.810980400390625 0.735177291015625 0.802337744140625
0 0.7083593037109375 0.7394650888671875 0.71859921484375 0.73600439453125 0.7010005634765625 0.618611517578125 0.68937943359375 0.6260027861328125 0.7083593037109375 0.7394650888671875
0 0.6050711962890625 0.8796913369140625 0.7268419921875 0.885976189453125 0.72743019921875 0.86755492578125 0.6025615556640626 0.860409439453125 0.6050711962890625 0.8796913369140625
0 0.470277771484375 0.8137026767578125 0.5691788203125 0.8720429091796875 0.5779692451171875 0.861542138671875 0.4795030419921875 0.8053139296875 0.470277771484375 0.8137026767578125
0 0.41219487890625 0.8543159013671875 0.500764990234375 0.90148929296875 0.511661376953125 0.8905779873046875 0.4196807646484375 0.8374790595703125 0.41219487890625 0.8543159013671875
0 0.3332992294921875 0.825759962890625 0.4485077548828125 0.839182173828125 0.4462880126953125 0.8213082900390625 0.3332082041015625 0.8111324287109375 0.3332992294921875 0.825759962890625
0 0.1950918466796875 0.6403455283203126 0.2772901494140625 0.7026740546875 0.2831504326171875 0.695673541015625 0.2054539501953125 0.6339319580078125 0.1950918466796875 0.6403455283203126
0 0.1342549287109375 0.66758260546875 0.1956666875 0.7778990927734375 0.2082797021484375 0.7717789951171875 0.149164365234375 0.6690697470703125 0.1342549287109375 0.66758260546875
0 0.1264460146484375 0.3388538271484375 0.155756822265625 0.4634829697265625 0.1675684130859375 0.4641094775390625 0.1412105048828125 0.3396369609375 0.1264460146484375 0.3388538271484375
0 0.1261942001953125 0.546865880859375 0.09228213671875 0.428259552734375 0.08266753125 0.441850044921875 0.119609173828125 0.5503463564453125 0.1261942001953125 0.546865880859375
0 0.84011140234375 0.96663162109375 0.791462548828125 0.9042846865234375 0.7852336923828125 0.916273517578125 0.8328350439453125 0.9685631474609375 0.84011140234375 0.96663162109375