0 0.235984578125 0.3428502138671875 0.1105168125 0.358765537109375 0.112495953125 0.3645190947265625 0.236003318359375 0.350478853515625 0.235984578125 0.3428502138671875
0 0 0.40630258984375 0.0417274736328125 0.4820336435546875 0.051743373046875 0.48232018359375 0.0006120537109375 0.3881614599609375 0 0.388360794921875 0 0.40630258984375
0 0.24129021875 0.3609618369140625 0.1332069248046875 0.4093352890625 0.1344892294921875 0.4152620283203125 0.2450533427734375 0.370435646484375 0.24129021875 0.3609618369140625
0 0.05465090625 0.4531462099609375 0.1422866796875 0.5188024423828125 0.1460123232421875 0.51301897265625 0.0583114970703125 0.4466849716796875 0.05465090625 0.4531462099609375
0 0 0.416411306640625 0.0159710732421875 0.421816900390625 0.0195666103515625 0.41467789453125 0 0.4084357568359375 0 0.416411306640625
0 0.067472884765625 0.4603686640625 0.1124164833984375 0.56439242578125 0.1190595693359375 0.55927176953125 0.0779904609375 0.458448716796875 0.067472884765625 0.4603686640625
0 0.2989786708984375 0.3376036279296875 0.1999079189453125 0.3906765947265625 0.2010601201171875 0.395247796875 0.298867306640625 0.343876728515625 0.2989786708984375 0.3376036279296875
0 0.3335315546875 0.2887680703125 0.2764296552734375 0.370271134765625 0.2837883173828125 0.3726059375 0.3355106962890625 0.29452162890625 0.3335315546875 0.2887680703125
0 0.3325844208984375 0.316066962890625 0.313604453125 0.4082199072265625 0.31906776953125 0.4131075595703125 0.33645891015625 0.319267671875 0.3325844208984375 0.316066962890625
0 0.325451728515625 0.4573207626953125 0.3480502978515625 0.573837189453125 0.3534298203125 0.57041843359375 0.3347057392578125 0.45710271484375 0.325451728515625 0.4573207626953125
0 0.147166685546875 0.6216800439453125 0.2283357880859375 0.6868616005859375 0.2355456064453125 0.6802122255859375 0.1566621650390625 0.6165444326171875 0.147166685546875 0.6216800439453125
0 0.15501927734375 0.69606144140625 0.232378943359375 0.7587200576171875 0.241047484375 0.75240208984375 0.15880997265625 0.6909557412109375 0.15501927734375 0.69606144140625
0 0.2715229736328125 0.7725856025390625 0.370270625 0.820213658203125 0.37950589453125 0.8123669716796875 0.2834805302734375 0.763368421875 0.2715229736328125 0.7725856025390625
0 0.0166115 0.837325427734375 0.0938774638671875 0.8618408505859375 0.0977795224609375 0.850462048828125 0.0224276484375 0.8310224150390625 0.0166115 0.837325427734375
0 0 0.82811398046875 0.0044213037109375 0.8292520234375 0.01302479296875 0.822256287109375 0 0.8198918173828125 0 0.82811398046875
0 0 0.8798907236328125 0.012301466796875 0.8890539111328125 0.0168540498046875 0.884452798828125 0 0.873660896484375 0 0.8798907236328125
0 0.776126234375 0.7373906025390625 0.6668532578125 0.765935576171875 0.67029112109375 0.7720205400390625 0.7775386455078125 0.74467287890625 0.776126234375 0.7373906025390625
0 0.854105611328125 0.6652716142578124 0.94109948828125 0.645785576171875 0.9416923232421875 0.6385230419921875 0.85408687109375 0.6576429755859375 0.854105611328125 0.6652716142578124
0 0.904390169921875 0.6985744072265625 0.9365393408203125 0.7016496865234375 0.9374177451171875 0.69088878515625 0.9098810546875 0.6888825517578125 0.904390169921875 0.6985744072265625