0 0.8468548798828125 0.12591637890625 0.7222967607421875 0.1504944970703125 0.739051498046875 0.1654551015625 0.8494188564453125 0.142575580078125 0.8468548798828125 0.12591637890625
0 0.7866977001953125 0.244947353515625 0.7423830390625 0.3701089970703125 0.7530819306640625 0.3757607548828125 0.802095451171875 0.2538677275390625 0.7866977001953125 0.244947353515625
0 0.7691390537109375 0.4896825751953125 0.735950474609375 0.406817904296875 0.721348080078125 0.4038225595703125 0.7253074033203125 0.4080918505859375 0.7588465703125 0.4996712548828125 0.7691390537109375 0.4896825751953125
0 0.74712382421875 0.471338150390625 0.6628949130859375 0.421217822265625 0.659314087890625 0.4291261142578125 0.743659861328125 0.48215135546875 0.74712382421875 0.471338150390625
0 0.720706166015625 0.324176958984375 0.7067579169921875 0.437129560546875 0.7155050556640625 0.444109525390625 0.7313771474609375 0.326365865234375 0.720706166015625 0.324176958984375
0 0.7580579853515625 0.16993003125 0.7509957392578125 0.16329568359375 0.6447167998046875 0.22965175390625 0.6552046474609375 0.2439030400390625 0.7580579853515625 0.16993003125
0 0.7469980556640625 0.1774565361328125 0.6201149111328125 0.1802387763671875 0.62093817578125 0.1896266572265625 0.7446852626953125 0.1919630048828125 0.7469980556640625 0.1774565361328125
0 0.594576572265625 0.420456208984375 0.469094001953125 0.3999020419921875 0.4717469306640625 0.416003302734375 0.5949550712890626 0.432633794921875 0.594576572265625 0.420456208984375
0 0.49426262890625 0.2529512080078125 0.5934130517578124 0.1949280810546875 0.590932802734375 0.1886574375 0.49554111328125 0.2376563876953125 0.49426262890625 0.2529512080078125
0 0.5268894580078125 0.150168154296875 0.4361408115234375 0.195510015625 0.441929798828125 0.2064926865234375 0.534363337890625 0.161496443359375 0.5268894580078125 0.150168154296875
0 0.4749439150390625 0.2213314013671875 0.3642643291015625 0.217066046875 0.363163751953125 0.2312449853515625 0.4819451162109375 0.231986541015625 0.4749439150390625 0.2213314013671875
0 0.3179037373046875 0.3550603349609375 0.237096984375 0.3816987822265625 0.2534732236328125 0.384481802734375 0.3277741357421875 0.3622707099609375 0.3179037373046875 0.3550603349609375
0 0.2604969912109375 0.2240137744140625 0.1735419931640625 0.3110431533203125 0.186014728515625 0.3164825869140625 0.26956680859375 0.23624562109375 0.2604969912109375 0.2240137744140625
0 0.1216453779296875 0.5274157802734375 0.1563460478515625 0.41526293359375 0.145441341796875 0.4072642060546875 0.1140215009765625 0.5206662265625 0.1216453779296875 0.5274157802734375
0 0.17988227734375 0.5295665439453126 0.1627369267578125 0.6516585283203125 0.177133505859375 0.65230690234375 0.1909369814453125 0.5329865380859375 0.17988227734375 0.5295665439453126
0 0.73413126171875 0.378211529296875 0.7465446171875 0.2603345771484375 0.73705794140625 0.2543552890625 0.72458354296875 0.3762530341796875 0.73413126171875 0.378211529296875