0 0.082400451171875 0.0852438203125 0.1191780986328125 0.211067138671875 0.13838359375 0.2051046259765625 0.1009862607421875 0.0879923505859375 0.082400451171875 0.0852438203125
0 0.15005675 0.201716287109375 0.160209234375 0.334492466796875 0.172575349609375 0.3328418857421875 0.1608116064453125 0.1997578427734375 0.15005675 0.201716287109375
0 0.3846469443359375 0.2328941298828125 0.4639196875 0.23198730078125 0.4540661923828125 0.2212751396484375 0.3783539765625 0.21804621875 0.3846469443359375 0.2328941298828125
0 0.166147251953125 0.3428511416015625 0.2336570048828125 0.4384260087890625 0.24025410546875 0.4260410146484375 0.1773527890625 0.3345573935546875 0.166147251953125 0.3428511416015625
0 0.4103656005859375 0.387908794921875 0.4072730673828125 0.511732822265625 0.4275264697265625 0.513997302734375 0.421813416015625 0.387688109375 0.4103656005859375 0.387908794921875
0 0.414331515625 0.309201552734375 0.453069099609375 0.24677028515625 0.4362635546875 0.2419538818359375 0.4030527060546875 0.3070465009765625 0.414331515625 0.309201552734375
0 0.1768240654296875 0.5945236875 0.2400972685546875 0.703737255859375 0.2510211298828125 0.699403072265625 0.1902211494140625 0.58985938671875 0.1768240654296875 0.5945236875
0 0.24836196484375 0.69086821484375 0.3006549716796875 0.8052078818359375 0.3108295380859375 0.7999278525390625 0.2635393125 0.684136041015625 0.24836196484375 0.69086821484375
0 0.379504638671875 0.63806609765625 0.3952063154296875 0.7502302890625 0.405623162109375 0.7530233212890625 0.3978481689453125 0.6327415654296875 0.379504638671875 0.63806609765625
0 0.131420876953125 0.394811357421875 0.1934602294921875 0.4869329599609375 0.138091251953125 0.3928751640625 0.131420876953125 0.394811357421875
0 0.3847276142578125 0.782743220703125 0.499853810546875 0.8288207880859375 0.508118505859375 0.8159517470703125 0.3922993515625 0.768136421875 0.3847276142578125 0.782743220703125
0 0.37139753125 0.6028046357421875 0.4028399091796875 0.7003175244140625 0.4157130400390625 0.6915397275390625 0.377374947265625 0.5991306845703125 0.37139753125 0.6028046357421875
0 0.212186689453125 0.4303102724609375 0.20649132421875 0.5448075283203125 0.2225475751953125 0.5486780869140625 0.22593872265625 0.4321352080078125 0.212186689453125 0.4303102724609375
0 0.301548935546875 0.253136982421875 0.4208553447265625 0.286367759765625 0.4169792646484375 0.2719816455078125 0.2976165205078125 0.2395427822265625 0.301548935546875 0.253136982421875
0 0.3542189736328125 0.2359096767578125 0.223239408203125 0.20606723828125 0.221662025390625 0.228240798828125 0.22597184765625 0.225050896484375 0.355621830078125 0.2506259052734375 0.3542189736328125 0.2359096767578125
0 0.7312947607421875 0.8698317001953125 0.8609841396484375 0.883374083984375 0.8554404658203125 0.86947201953125 0.7298355693359375 0.8559073837890625 0.7312947607421875 0.8698317001953125
0 0.1300286875 0.1962841552734375 0.208422904296875 0.2995574638671875 0.2138200322265625 0.2925619287109375 0.1416455087890625 0.1936877294921875 0.1300286875 0.1962841552734375
0 0.7931479033203125 0.958614529296875 0.796566619140625 0.9690912119140624 0.8495935029296875 0.9612134169921875 0.8463845146484374 0.953641984375 0.7931479033203125 0.958614529296875
0 0.2240221015625 0.1678285546875 0.2205735537109375 0.17683080859375 0.3395496142578125 0.2280871201171875 0.3409574375 0.221455279296875 0.2240221015625 0.1678285546875
0 0.0575602939453125 0.11301976953125 0.1086917001953125 0.1508528896484375 0.111775365234375 0.1404007509765625 0.0583675078125 0.1016726103515625 0.0575602939453125 0.11301976953125