0 0.0736809599609375 0.093922982421875 0.1886556455078125 0.0429130869140625 0.17732011328125 0.02914851171875 0.0591067041015625 0.0854213330078125 0.0736809599609375 0.093922982421875
0 0.1858217626953125 0.059511544921875 0.2862221923828125 0.0028338828125 0.268814052734375 0 0.176105591796875 0.0522244169921875 0.1858217626953125 0.059511544921875
0 0.2947238408203125 0 0.26436080859375 0.0615357470703125 0.2756963408203125 0.06072606640625 0.31213198046875 0 0.2947238408203125 0
0 0.007932494140625 0.287836201171875 0.0031163369140625 0.2905275830078125 0.036829435546875 0.384584294921875 0.0451868837890625 0.381609609375 0.007932494140625 0.287836201171875
0 0 0.298743380859375 0.0239391328125 0.363903150390625 0.03130501953125 0.3627699365234375 0 0.2794787529296875 0 0.298743380859375
0 0.1831384013671875 0.463063109375 0.30942833984375 0.4691797158203125 0.307989138671875 0.4591053046875 0.184217802734375 0.4544278994140625 0.1831384013671875 0.463063109375
0 0.027344830078125 0.477455125 0.0230272255859375 0.4857305341796875 0.1136969248046875 0.55049460546875 0.1244909365234375 0.537541791015625 0.027344830078125 0.477455125
0 0.202567623046875 0.5314251845703125 0.207604828125 0.5407799951171876 0.322740955078125 0.49976275 0.3180635498046875 0.4932863427734375 0.202567623046875 0.5314251845703125
0 0.3472073818359375 0.4274428701171875 0.3468475810546875 0.42996147265625 0.26625229296875 0.5184723701171875 0.278485505859375 0.5206311728515625 0.3619591982421875 0.432120275390625 0.3472073818359375 0.4274428701171875
0 0.377430615234375 0.443274087890625 0.3436093779296875 0.5476162021484375 0.355482791015625 0.549055404296875 0.3911030302734375 0.4454328896484375 0.377430615234375 0.443274087890625
0 0.391822630859375 0.4731375205078125 0.380668818359375 0.472417919921875 0.3673562041015625 0.581077638671875 0.377430615234375 0.581077638671875 0.391822630859375 0.4731375205078125
0 0.1280889404296875 0.5548122099609375 0.1190939306640625 0.565246421875 0.1813393994140625 0.6717473388671875 0.191054009765625 0.6602337265625 0.1280889404296875 0.5548122099609375
0 0.1737835908203125 0.588633447265625 0.1637091796875 0.599427458984375 0.24430446875 0.696213765625 0.2540190791015625 0.683620751953125 0.1737835908203125 0.588633447265625
0 0.384986423828125 0.5638072197265624 0.3651974013671875 0.5677650244140625 0.3824678203125 0.6861393544921875 0.3936216328125 0.6825413505859375 0.384986423828125 0.5638072197265624
0 0.235309458984375 0.7303948037109375 0.24430446875 0.72139979296875 0.1870962060546875 0.61274007421875 0.1777413955078125 0.6184968798828125 0.235309458984375 0.7303948037109375
0 0 0.705568576171875 0.0924687021484375 0.763856240234375 0.0960667060546875 0.7534220283203125 0 0.691176560546875 0 0.705568576171875
0 0.47061891796875 0.91857041015625 0.581077638671875 0.91857041015625 0.581077638671875 0.90417839453125 0.472058119140625 0.9106548017578125 0.47061891796875 0.91857041015625
0 0.7512632265625 0.8455309296875 0.86388075 0.8372555205078125 0.858483744140625 0.826101708984375 0.7512632265625 0.8372555205078125 0.7512632265625 0.8455309296875
0 0.0198995986328125 0.389115078125 0.000302662109375 0.39490372265625 0.00037878125 0.4061004189453125 0.02263987109375 0.394361830078125 0.0198995986328125 0.389115078125
0 0.0220146103515625 0.38182399609375 0.0014226943359375 0.37579249609375 0 0.38615369921875 0.021628580078125 0.388576810546875 0.0220146103515625 0.38182399609375
0 0 0.7535405185546875 0.041482869140625 0.773924013671875 0.04523262109375 0.7659913603515625 0 0.7455861162109375 0 0.7535405185546875
0 0.062285017578125 0.831486048828125 0.0004331513671875 0.7937003720703125 0.00108016015625 0.8020389931640625 0.0552404150390625 0.8370789599609375 0.062285017578125 0.831486048828125
0 0.951995544921875 0.8407842421875 0.9519824599609376 0.8504696962890625 0.9990234375 0.9045836669921875 0.9990234375 0.87809980078125 0.951995544921875 0.8407842421875