0 0 0.74930933984375 0.040092537109375 0.7663131005859375 0.04727326953125 0.761069802734375 0 0.738457744140625 0 0.74930933984375
0 0 0.7868813505859374 0.03833371484375 0.8515373486328125 0.05138177734375 0.849899896484375 0 0.764640533203125 0 0.7868813505859374
0 0.074251494140625 0.96713591796875 0.0818773681640625 0.9576839755859375 0.03162015234375 0.848795208984375 0.0227591953125 0.853667705078125 0.074251494140625 0.96713591796875
0 0.328699125 1 0.371524552734375 0.982422857421875 0.3694726044921875 0.973671396484375 0.303560732421875 1 0.328699125 1
0 0.332448634765625 1 0.3504348427734375 0.9926851748046875 0.3466855380859375 0.986500416015625 0.3160679306640625 1 0.332448634765625 1
0 0.4488111845703125 0.7116531943359375 0.438426072265625 0.8336306279296875 0.4464114296875 0.834657560546875 0.4563905595703125 0.710174478515625 0.4488111845703125 0.7116531943359375
0 0.532327845703125 0.88712772265625 0.466162705078125 0.9817737392578125 0.4753855927734375 0.9869604755859375 0.5403009658203125 0.8902528740234374 0.532327845703125 0.88712772265625
0 0.503749876953125 0.7390090322265624 0.410403376953125 0.662419337890625 0.411569935546875 0.67874880078125 0.4994795615234375 0.7500418642578125 0.503749876953125 0.7390090322265624
0 0.5302884150390625 0.8041115869140625 0.4867594462890625 0.69544709765625 0.48042739453125 0.6994070439453125 0.520165453125 0.809020712890625 0.5302884150390625 0.8041115869140625
0 0.539932533203125 0.664953193359375 0.4324445556640625 0.6332486455078125 0.4298569140625 0.64423263671875 0.5369315654296875 0.67469046484375 0.539932533203125 0.664953193359375
0 0.5695237177734375 0.6393395048828125 0.463175375 0.6285804970703125 0.461857080078125 0.6382689267578125 0.566945865234375 0.6486449228515625 0.5695237177734375 0.6393395048828125
0 0.665509533203125 0.623966236328125 0.5409476337890625 0.6351340888671875 0.5408986875 0.64352695703125 0.6633547958984375 0.6328397998046875 0.665509533203125 0.623966236328125
0 0.66785432421875 0.79885986328125 0.563555201171875 0.8694384169921875 0.57654452734375 0.877872408203125 0.6758274453125 0.8019850126953125 0.66785432421875 0.79885986328125
0 0.6850065615234375 0.7425588720703125 0.5848088857421875 0.831059990234375 0.5995078056640625 0.8348290615234375 0.697176576171875 0.7472404921875 0.6850065615234375 0.7425588720703125
0 0.71990980078125 0.7436436279296875 0.617745837890625 0.8087057666015625 0.62355687890625 0.82196341015625 0.728694890625 0.751780078125 0.71990980078125 0.7436436279296875
0 0.7392183818359375 0.8945488076171875 0.67767569921875 0.9898997958984375 0.68982858203125 0.997518919921875 0.7450685810546875 0.9010921572265626 0.7392183818359375 0.8945488076171875
0 0.68446778515625 1 0.728449591796875 0.93807733984375 0.718818271484375 0.93080459765625 0.6710077255859375 1 0.68446778515625 1
0 0.8842859658203125 0.39552258984375 0.883622525390625 0.2855589619140625 0.8754398759765625 0.2903519765625 0.876137478515625 0.3944575361328125 0.8842859658203125 0.39552258984375
0 0.76797021875 1 0.798172998046875 0.9631147177734375 0.7872185673828125 0.95914083984375 0.7541423994140625 1 0.76797021875 1
0 0.393706046875 1 0.3889454365234375 0.9853942509765625 0.3773895673828125 0.9918349677734375 0.3803416884765625 1 0.393706046875 1
0 0.3808651591796875 1 0.382799087890625 0.99473236328125 0.373299115234375 0.9927941025390625 0.370234939453125 1 0.3808651591796875 1
0 0.7226253466796875 1 0.7389507578125 0.96422846875 0.72900241015625 0.9645172314453125 0.7125932470703125 1 0.7226253466796875 1
0 0.8012121005859375 0.1050792490234375 0.8297659501953125 0.03381037109375 0.81731716796875 0.033303123046875 0.7878355087890625 0.10305100390625 0.8012121005859375 0.1050792490234375