0 0.6024282666015625 0.3032590361328125 0.590721248046875 0.183840626953125 0.5851101171875 0.1837956015625 0.59847406640625 0.30443872265625 0.6024282666015625 0.3032590361328125
0 0.5225628486328125 0.0924375078125 0.5481330947265625 0.0223347119140625 0.5417476103515625 0.0220745234375 0.5181729677734375 0.091536986328125 0.5225628486328125 0.0924375078125
0 0.5330589765625 0.089060544921875 0.531316255859375 0.0807397099609375 0.4389964306640625 0.141434998046875 0.440303470703125 0.147675625 0.5330589765625 0.089060544921875
0 0.482766556640625 0.1397960400390625 0.4083065244140625 0.22892985546875 0.4131749814453125 0.235458650390625 0.4846116083984375 0.145262216796875 0.482766556640625 0.1397960400390625
0 0.57874595703125 0.31388521484375 0.5329628291015625 0.2056152900390625 0.52836828515625 0.2104240869140625 0.5746894248046875 0.3179195595703125 0.57874595703125 0.31388521484375
0 0.6299918955078125 0.36465671875 0.548911412109375 0.268390775390625 0.55011612109375 0.2774860625 0.622519173828125 0.3690962998046875 0.6299918955078125 0.36465671875
0 0.648201580078125 0.3880793310546875 0.5550305654296875 0.3444129619140625 0.5559877177734375 0.35566950390625 0.6463828828125 0.396112 0.648201580078125 0.3880793310546875
0 0.6208720595703126 0.39132121875 0.529060798828125 0.38089316796875 0.531631982421875 0.389826359375 0.6173964345703125 0.39812917578125 0.6208720595703126 0.39132121875
0 0.500057810546875 0.3928611279296875 0.3822338857421875 0.415365220703125 0.38490740234375 0.4214437548828125 0.4997508154296875 0.4014251044921875 0.500057810546875 0.3928611279296875
0 0.466830880859375 0.1573202275390625 0.3244036640625 0.21614243359375 0.334140578125 0.2292000224609375 0.4677880322265625 0.16857676953125 0.466830880859375 0.1573202275390625
0 0.2536502763671875 0.3062578193359375 0.1928978994140625 0.3973187548828125 0.2007897626953125 0.4049101669921875 0.2556834501953125 0.3159654619140625 0.2536502763671875 0.3062578193359375
0 0.2663357021484375 0.0425305322265625 0.256592064453125 0.0628733564453125 0.2623484208984375 0.06361178515625 0.2726300703125 0.042494509765625 0.2663357021484375 0.0425305322265625
0 0.11771281640625 0.188784556640625 0.1081438525390625 0.2801696748046875 0.1143358896484375 0.2829883115234375 0.123759626953125 0.1909097919921875 0.11771281640625 0.188784556640625
0 0.1772159658203125 0.5263817724609375 0.1764836484375 0.409214671875 0.1709154140625 0.41271770703125 0.1700931328125 0.5258054384765625 0.1772159658203125 0.5263817724609375
0 0.2507239462890625 0.833892498046875 0.2296397177734375 0.719850216796875 0.222662111328125 0.71996728515625 0.2437463408203125 0.8340095673828125 0.2507239462890625 0.833892498046875
0 0.1191852568359375 0.095517345703125 0.1391082119140625 0.05691190625 0.1320282744140625 0.0598836337890625 0.1126004345703125 0.0941665625 0.1191852568359375 0.095517345703125
0 0.1846375986328125 0.0536430009765625 0.17877891015625 0.0557592314453125 0.178874517578125 0.0863049853515625 0.1846375986328125 0.0536430009765625