0 0 0.6599863720703125 0.046383515625 0.6912653984375 0.050898115234375 0.6827325625 0 0.6471352412109375 0 0.6599863720703125
0 0 0.6933338759765625 0.038761744140625 0.7758700244140625 0.0456514521484375 0.7659159609375 0 0.670011787109375 0 0.6933338759765625
0 0.061901568359375 0.8861933525390625 0.0250727705078125 0.7703944736328125 0.017580916015625 0.778350259765625 0.0462003486328125 0.8897356435546875 0.061901568359375 0.8861933525390625
0 0.3385198115234375 0.9675485107421875 0.331327251953125 0.959110662109375 0.23735327734375 0.9789984609375 0.235195521484375 0.986106529296875 0.3385198115234375 0.9675485107421875
0 0.316198033203125 0.973112458984375 0.3170536181640625 0.9681039677734375 0.214102521484375 0.985311037109375 0.2158311796875 0.9917611923828125 0.316198033203125 0.973112458984375
0 0.4498400654296875 0.721012806640625 0.424885181640625 0.8422413173828125 0.43439671875 0.8445552333984375 0.461198236328125 0.7180399248046875 0.4498400654296875 0.721012806640625
0 0.4157331904296875 0.6748892265625 0.4997158916015625 0.765959185546875 0.50622674609375 0.755461298828125 0.4217673125 0.6699436533203125 0.41467441015625 0.672802443359375 0.4157331904296875 0.6748892265625
0 0.5143203515625 0.83511519921875 0.5237064736328125 0.8298785234375 0.507145236328125 0.711422400390625 0.484885529296875 0.717456669921875 0.5143203515625 0.83511519921875
0 0.5557367724609374 0.6893240859375 0.4509569228515625 0.64267368359375 0.449391263671875 0.6546004404296875 0.5537044296875 0.70398274609375 0.5557367724609374 0.6893240859375
0 0.5852147958984375 0.6879816201171876 0.5892091376953125 0.6784071611328125 0.48186253125 0.6467822314453125 0.4787915068359375 0.6537132900390625 0.5852147958984375 0.6879816201171876
0 0.6763209404296875 0.6821201552734375 0.554213919921875 0.66786125390625 0.5527159921875 0.6821531015625 0.676747427734375 0.6906698857421875 0.6763209404296875 0.6821201552734375
0 0.5161290068359375 0.90461348828125 0.434536615234375 0.9762923232421875 0.44696100390625 0.9946937685546875 0.524649494140625 0.907205712890625 0.5161290068359375 0.90461348828125
0 0.6786159814453125 0.8288571279296875 0.5744553720703125 0.886283546875 0.583111322265625 0.8936059541015625 0.690245078125 0.8353446123046875 0.6786159814453125 0.8288571279296875
0 0.6784890703125 1 0.699176388671875 0.979134291015625 0.6865461943359376 0.9757455244140625 0.6634206181640625 1 0.6784890703125 1
0 0.6762794609375 1 0.7188444140625 0.9523708154296875 0.7069242919921875 0.94206378125 0.66362148828125 1 0.6762794609375 1
0 0.7345840068359375 0.788432029296875 0.62578932421875 0.8426083076171875 0.6321520556640625 0.8523086005859375 0.742346787109375 0.7899366083984375 0.7345840068359375 0.788432029296875
0 0.3561955810546875 1 0.3510547744140625 0.981248484375 0.3418072978515625 0.9820522880859375 0.344465041015625 1 0.3561955810546875 1
0 0.3445092666015625 1 0.35620191796875 0.980276701171875 0.3455839306640625 0.9782187255859375 0.330471640625 1 0.3445092666015625 1