0 0.2630829892578125 0.320692119140625 0.1438834765625 0.30665212109375 0.147453373046875 0.315567177734375 0.2694324462890625 0.329461060546875 0.2630829892578125 0.320692119140625
0 0.0719352431640625 0.4021616865234375 0.0770080048828125 0.396293349609375 0.029852171875 0.2958414873046875 0.0302727080078125 0.29514331640625 0.0242930498046875 0.29613371875 0.0719352431640625 0.4021616865234375
0 0 0.3189689072265625 0.0379731904296875 0.3409281767578125 0.0480317744140625 0.3361981640625 0 0.3102293740234375 0 0.3189689072265625
0 0.0819245263671875 0.3806302958984375 0.166291955078125 0.4595201669921875 0.173692568359375 0.456330296875 0.087752974609375 0.375422443359375 0.0819245263671875 0.3806302958984375
0 0.27771883984375 0.3444300634765625 0.1695329921875 0.360620302734375 0.1700801474609375 0.3668934228515625 0.2808631708984375 0.34846602734375 0.27771883984375 0.3444300634765625
0 0.345514111328125 0.337365162109375 0.2362424580078125 0.3571135263671875 0.24183623046875 0.365221984375 0.3461828564453125 0.3450323095703125 0.345514111328125 0.337365162109375
0 0.368602361328125 0.289937658203125 0.3103178876953125 0.3420161904296875 0.3112906083984375 0.3531684033203125 0.3743177236328125 0.299440142578125 0.368602361328125 0.289937658203125
0 0.3711818974609375 0.311508541015625 0.3462691669921875 0.394042412109375 0.3546425 0.4020047529296875 0.374934177734375 0.3225146376953125 0.3711818974609375 0.311508541015625
0 0.0995746142578125 0.390905814453125 0.136949693359375 0.5072764326171875 0.1458008818359375 0.504710515625 0.107852501953125 0.389770455078125 0.0995746142578125 0.390905814453125
0 0.3660640888671875 0.4609221220703125 0.38177598046875 0.577031109375 0.3890288583984375 0.5801508876953125 0.3752800478515625 0.462538287109375 0.3660640888671875 0.4609221220703125
0 0.1577872666015625 0.546092966796875 0.2343893115234375 0.6239906279296875 0.242484814453125 0.620764228515625 0.16316400390625 0.5437096953125 0.1577872666015625 0.546092966796875
0 0.152357609375 0.619900353515625 0.2204385859375 0.696145322265625 0.2308011455078125 0.6949003759765625 0.158186056640625 0.6146924990234375 0.152357609375 0.619900353515625
0 0.233355166015625 0.66815816796875 0.2862525068359375 0.77040883984375 0.29344458984375 0.7728316025390625 0.2436569296875 0.6662162080078124 0.233355166015625 0.66815816796875
0 0.0234277421875 0.7744220556640625 0.08780022265625 0.80814921484375 0.08637579296875 0.799821583984375 0.0241487783203125 0.7666818515625 0.0234277421875 0.7744220556640625
0 0.0278134892578125 0.840711375 0.0526903095703125 0.861810345703125 0.0610551376953125 0.8536683232421876 0.0285953193359375 0.83366818359375 0.0278134892578125 0.840711375
0 0.051231859375 0.78906526171875 0.0246089931640625 0.7799616328125 0.0230106826171875 0.7856473251953126 0.0511449189453125 0.7960719228515625 0.051231859375 0.78906526171875
0 0.5660834970703125 0.8733338505859375 0.4539021875 0.875729939453125 0.4550834384765625 0.881269517578125 0.5695318037109375 0.880854880859375 0.5660834970703125 0.8733338505859375
0 0.7986024130859375 0.86601228515625 0.6855091787109375 0.857953173828125 0.6897131708984375 0.866134689453125 0.799149568359375 0.872285404296875 0.7986024130859375 0.86601228515625
0 0.84376240625 0.7915167763671875 0.72252137890625 0.8020914169921874 0.720592947265625 0.8119957177734375 0.842832841796875 0.804869615234375 0.84376240625 0.7915167763671875