0 0.0751788134765625 0.84749448828125 0.0484124296875 0.75546551171875 0.051939298828125 0.8105015498046875 0.066638435546875 0.8582222333984375 0.0751788134765625 0.84749448828125
0 0.0659199892578125 0.6418732919921875 0.0399437236328125 0.6233131748046875 0.040901384765625 0.638257275390625 0.0627468828125 0.6515560263671875 0.0659199892578125 0.6418732919921875
0 0.3624289658203125 0.9139432314453125 0.3563099580078125 0.90281037890625 0.2590649296875 0.9273459697265625 0.2637409453125 0.937282904296875 0.3624289658203125 0.9139432314453125
0 0.2873465361328125 0.9422610751953125 0.33992158984375 0.922756044921875 0.333053109375 0.91838956640625 0.2582583720703125 0.939368896484375 0.2873465361328125 0.9422610751953125
0 0.516747576171875 0.8435125361328125 0.45050284765625 0.934277142578125 0.46210386328125 0.9385879443359375 0.5326775634765625 0.85141109375 0.516747576171875 0.8435125361328125
0 0.4674942275390625 0.6481227744140625 0.445289271484375 0.77273463671875 0.4545243017578125 0.7794413076171876 0.479960583984375 0.649362279296875 0.4674942275390625 0.6481227744140625
0 0.527058728515625 0.679303841796875 0.4485002041015625 0.596769306640625 0.4394974794921875 0.60218885546875 0.51430524609375 0.6901389091796875 0.527058728515625 0.679303841796875
0 0.4593466484375 0.565221943359375 0.4510950947265625 0.578083296875 0.5523887705078125 0.6260427568359375 0.55989028515625 0.61521171875 0.460847291015625 0.5658973720703125 0.4593466484375 0.565221943359375
0 0.5356098681640625 0.7585612392578125 0.5102017802734375 0.6418446494140625 0.500274931640625 0.6413838642578125 0.5253947607421875 0.76070290625 0.5356098681640625 0.7585612392578125
0 0.593882240234375 0.6022785703125 0.5947470146484375 0.5944712138671875 0.4917820078125 0.5663420361328125 0.4876282548828125 0.580137048828125 0.593882240234375 0.6022785703125
0 0.5743727490234375 0.58402587890625 0.57876107421875 0.6013013251953125 0.6994404384765625 0.5975135576171875 0.69943873828125 0.5833053759765625 0.5743727490234375 0.58402587890625
0 0.6513877080078125 0.7895430380859375 0.541910896484375 0.843909583984375 0.5437009296875 0.8514546806640625 0.65046584765625 0.8026069453125 0.6513877080078125 0.7895430380859375
0 0.6839487158203125 0.7436557314453125 0.68693229296875 0.7294042255859375 0.57607240625 0.8009986025390625 0.584037966796875 0.8096839423828125 0.6839487158203125 0.7436557314453125
0 0.7196576103515625 0.7421300458984375 0.609198453125 0.786400689453125 0.610700228515625 0.79654823828125 0.7236988916015625 0.7530563154296875 0.7196576103515625 0.7421300458984375
0 0.738837052734375 0.896115365234375 0.6856376494140625 0.9529013984375 0.7029927666015625 0.951586306640625 0.744493712890625 0.9019400224609375 0.738837052734375 0.896115365234375
0 0.940320392578125 0.447284076171875 0.9297718359375 0.5567420107421875 0.9426999716796876 0.55855365234375 0.956133943359375 0.44675149609375 0.940320392578125 0.447284076171875
0 0.904676802734375 0.162210990234375 0.894403474609375 0.160137087890625 0.8930317314453124 0.2720861220703125 0.9083835029296875 0.2709814052734375 0.904676802734375 0.162210990234375
0 0.9652173701171874 0.0016890576171875 0.950954755859375 0.0002709541015625 0.913003271484375 0.0808656904296875 0.92398410546875 0.0933989287109375 0.9652173701171874 0.0016890576171875