0 0.0225576201171875 0.14420764453125 0.067672861328125 0.26344078125 0.0862023349609375 0.2537732294921875 0.0410870947265625 0.143402015625 0.0225576201171875 0.14420764453125
0 0.0974811455078125 0.24813382421875 0.1168162490234375 0.379451400390625 0.1289006884765625 0.37542325390625 0.107954326171875 0.244105677734375 0.0974811455078125 0.24813382421875
0 0.331113642578125 0.234438126953125 0.4092596845703125 0.2183255400390625 0.39878650390625 0.2094636181640625 0.323862978515625 0.2207424287109375 0.331113642578125 0.234438126953125
0 0.123261283203125 0.386702064453125 0.1965735498046875 0.4696818828125 0.2022129541015625 0.4559861845703125 0.1337344638671875 0.3762288837890625 0.123261283203125 0.386702064453125
0 0.3673669609375 0.3850908056640625 0.3730063662109375 0.50996334765625 0.3931470986328125 0.5083520888671875 0.378645771484375 0.38267391796875 0.3673669609375 0.3850908056640625
0 0.3657557021484375 0.3053335048828125 0.3995921328125 0.235243755859375 0.38267391796875 0.2336324970703125 0.354476892578125 0.3053335048828125 0.3657557021484375 0.3053335048828125
0 0.15145830859375 0.63725277734375 0.2215480576171875 0.734733921875 0.23202123828125 0.7282888876953125 0.164348376953125 0.63000211328125 0.15145830859375 0.63725277734375
0 0.2287987216796875 0.7202325947265625 0.2884152900390625 0.824964404296875 0.2980828408203125 0.817713740234375 0.243300048828125 0.71056504296875 0.2287987216796875 0.7202325947265625
0 0.354476892578125 0.642086552734375 0.3778401416015625 0.7516521376953125 0.3883133232421875 0.7524577666015625 0.3722007373046875 0.633224630859375 0.354476892578125 0.642086552734375
0 0.16032023046875 0.52607593359375 0.099092404296875 0.442290486328125 0.092647369140625 0.4455130029296875 0.16032023046875 0.52607593359375
0 0.3697838486328125 0.786294197265625 0.48660009765625 0.810463076171875 0.49385076171875 0.7959617490234375 0.3762288837890625 0.770181611328125 0.3697838486328125 0.786294197265625
0 0.3440037119140625 0.6082501220703125 0.3818682890625 0.7000918623046875 0.393952728515625 0.6888130517578125 0.3496431162109375 0.6034163466796875 0.3440037119140625 0.6082501220703125
0 0.17482155859375 0.465653736328125 0.1772384462890625 0.58166435546875 0.1933510322265625 0.582469984375 0.1885172568359375 0.4648481064453125 0.17482155859375 0.465653736328125
0 0.250550712890625 0.2706914453125 0.370589478515625 0.2811646259765625 0.3657557021484375 0.267468927734375 0.2457169365234375 0.2578013759765625 0.250550712890625 0.2706914453125
0 0.1699877822265625 0.2610238935546875 0.1740159287109375 0.2569957470703125 0.30372224609375 0.2578013759765625 0.3013053583984375 0.243300048828125 0.1699877822265625 0.2384662734375 0.1699877822265625 0.2610238935546875
0 0.71781570703125 0.8072405595703125 0.8467163955078125 0.7959617490234375 0.8402713603515625 0.7830716806640625 0.7153988193359375 0.793544861328125 0.71781570703125 0.8072405595703125
0 0.0773404130859375 0.24652256640625 0.1619314892578125 0.3351417890625 0.166765265625 0.32708549609375 0.08861922265625 0.2416887900390625 0.0773404130859375 0.24652256640625
0 0.78507052734375 0.8844881455078125 0.789178693359375 0.894347744140625 0.8409415859375 0.8762718134765625 0.837244236328125 0.869287931640625 0.78507052734375 0.8844881455078125
0 0.1680762353515625 0.1999368408203125 0.165305748046875 0.209633546875 0.2862836982421875 0.2382619169921875 0.2872071943359375 0.2313356982421875 0.1680762353515625 0.1999368408203125
0 0 0.1768494462890625 0.0531010087890625 0.2050160673828125 0.055409748046875 0.1939341181640625 0 0.165305748046875 0 0.1768494462890625
0 0 0.7379335380859375 0.0199990009765625 0.745251140625 0.0204301220703125 0.740123544921875 0 0.726749599609375 0 0.7379335380859375
0 0.023688759765625 0.8071331533203125 0.0002958232421875 0.78806060546875 0 0.7982217763671875 0.020514970703125 0.8105683671875 0.023688759765625 0.8071331533203125