0 1 0.7174354912109375 0.98319105859375 0.681501033203125 0.9778384619140625 0.684453583984375 1 0.732547673828125 1 0.7174354912109375
0 0.774667771484375 0.7309189306640625 0.9048950087890625 0.7502033515625 0.90485233203125 0.7411149755859375 0.7759632451171875 0.721092416015625 0.774667771484375 0.7309189306640625
0 0.8767371650390625 0.6964849501953125 0.7640196328125 0.7032607021484375 0.766567787109375 0.7087801708984375 0.877947169921875 0.7027425556640625 0.878829798828125 0.6964240615234375 0.8767371650390625 0.6964849501953125
0 0.6934680078125 0.6955247255859375 0.8062851552734375 0.69853489453125 0.806356359375 0.690841607421875 0.6928416669921875 0.687851734375 0.6934680078125 0.6955247255859375
0 0.9753187197265625 0.6964133251953125 0.890773755859375 0.611473154296875 0.8841399501953126 0.61586138671875 0.969966123046875 0.6993658759765625 0.9753187197265625 0.6964133251953125
0 0.961837611328125 0.6940087802734375 0.923216828125 0.5720730791015625 0.915543837890625 0.57229633984375 0.9516164658203125 0.68871257421875 0.961837611328125 0.6940087802734375
0 0.9127964501953125 0.547205029296875 0.837305302734375 0.4703918349609375 0.834159220703125 0.4746785859375 0.9082552783203125 0.5515323720703125 0.9127964501953125 0.547205029296875
0 0.8611216669921875 0.4109659296875 0.92952348828125 0.4865869990234375 0.9288828837890625 0.48730483984375 0.93423548046875 0.4843522900390625 0.86700098828125 0.40590044921875 0.8611216669921875 0.4109659296875
0 0.823041642578125 0.347048212890625 0.8445939775390625 0.4568949296875 0.8440103125 0.4583103154296875 0.8545304228515626 0.4587034130859375 0.8351846015625 0.350190896484375 0.823041642578125 0.347048212890625
0 0.677453353515625 0.576427259765625 0.6614387001953125 0.4573297939453125 0.655915283203125 0.4581897109375 0.6691397578125 0.5773683623046875 0.677453353515625 0.576427259765625
0 0.673609150390625 0.7520386728515625 0.735092810546875 0.725777630859375 0.726209814453125 0.719743287109375 0.67071935546875 0.7423339375 0.673609150390625 0.7520386728515625
0 0.6737658232421875 0.728261265625 0.70068559375 0.6554602333984375 0.6890550947265625 0.6585954521484375 0.667786884765625 0.7235408251953125 0.6737658232421875 0.728261265625
0 0.6772406640625 0.3254201357421875 0.6222631259765625 0.217245193359375 0.6146470751953125 0.2181659990234375 0.6683434033203125 0.327776623046875 0.6772406640625 0.3254201357421875
0 0.8300885224609375 0.2706302138671875 0.7420558359375 0.1857915244140625 0.7374577236328125 0.189421322265625 0.8195684130859375 0.270237115234375 0.8300885224609375 0.2706302138671875
0 1 0.1625776533203125 0.99431082421875 0.1581748125 0.9919192255859375 0.163138810546875 1 0.1692619013671875 1 0.1625776533203125
0 0.5868452509765625 0.1259811591796875 0.6922739931640625 0.1669631865234375 0.6953061962890625 0.1612813466796875 0.5852936044921875 0.1155382861328125 0.5868452509765625 0.1259811591796875