0 0.0006674287109375 0.2336001201171875 0.056064029296875 0.2676389951171875 0.0563977431640625 0.2559589892578125 0.00033371484375 0.2222538291015625 0.0006674287109375 0.2336001201171875
0 0.034038875 0.2205852568359375 0.0730834658203125 0.329376169921875 0.0874331875 0.325705310546875 0.04371659375 0.214244681640625 0.034038875 0.2205852568359375
0 0.0874331875 0.3076847294921875 0.1731978037109375 0.400123634765625 0.1755338046875 0.3894447724609375 0.0904366181640625 0.298340724609375 0.0874331875 0.3076847294921875
0 0.1585143671875 0.2539567021484375 0.2926675791015625 0.2799864296875 0.2893304345703125 0.268640138671875 0.1581806533203125 0.2469486982421875 0.1585143671875 0.2539567021484375
0 0.33071102734375 0.29667215234375 0.39511791796875 0.2552915595703125 0.39144705859375 0.244612697265625 0.324370453125 0.284992146484375 0.33071102734375 0.29667215234375
0 0.1795383779296875 0.3076847294921875 0.2993418681640625 0.295337294921875 0.29667215234375 0.285325861328125 0.1795383779296875 0.29366872265625 0.1795383779296875 0.3076847294921875
0 0.24995212890625 0.31068816015625 0.3667521884765625 0.3060161572265625 0.36474990234375 0.2926675791015625 0.247949841796875 0.3030127275390625 0.24995212890625 0.31068816015625
0 0.3877762001953125 0.2676389951171875 0.3874424853515625 0.2673052802734375 0.3570744697265625 0.3584093271484375 0.3724253349609375 0.356407041015625 0.3904459150390625 0.268640138671875 0.3877762001953125 0.2676389951171875
0 0.11446405859375 0.3150264482421875 0.1024503388671875 0.3150264482421875 0.1291474951171875 0.4348299384765625 0.13815778515625 0.4324939375 0.11446405859375 0.3150264482421875
0 0.3690881904296875 0.420146501953125 0.3757624794921875 0.545289423828125 0.389778486328125 0.5409511357421875 0.3787659091796875 0.413472212890625 0.3690881904296875 0.420146501953125
0 0.14182864453125 0.4682013837890625 0.2149121103515625 0.5509625693359375 0.2219201142578125 0.5399499921875 0.1478355048828125 0.45919109375 0.14182864453125 0.4682013837890625
0 0.1204709189453125 0.535277990234375 0.1832092373046875 0.61436831640625 0.1918858134765625 0.609028884765625 0.1258103505859375 0.521929412109375 0.1204709189453125 0.535277990234375
0 0.1985601025390625 0.5716528662109375 0.2229212578125 0.6794426357421876 0.2336001201171875 0.6791089208984376 0.210907537109375 0.562308861328125 0.1985601025390625 0.5716528662109375
0 0.3590767568359375 0.7101443662109375 0.40546306640625 0.7742175419921875 0.409801353515625 0.7602015341796875 0.366084759765625 0.6994655029296875 0.3590767568359375 0.7101443662109375
0 0.258628705078125 0.7872324052734375 0.3644161875 0.852306724609375 0.36474990234375 0.841961576171875 0.26330070703125 0.7798906875 0.258628705078125 0.7872324052734375
0 0.474541958984375 0.8586472998046875 0.5920094482421875 0.8719958779296875 0.5920094482421875 0.8629855869140625 0.477879103515625 0.8499707236328125 0.474541958984375 0.8586472998046875
0 0.700800361328125 0.79290555078125 0.582665443359375 0.79357298046875 0.580515732421875 0.804590248046875 0.7011340751953125 0.805252986328125 0.700800361328125 0.79290555078125
0 0 0.742048427734375 0.027894923828125 0.7544586904296875 0.0306795869140625 0.7454232900390625 0 0.73073003125 0 0.742048427734375
0 0 0.716307728515625 0.032487740234375 0.7377104697265625 0.0370993359375 0.731443634765625 0 0.70861100390625 0 0.716307728515625
0 0.0314307490234375 0.8099051494140626 0.001373552734375 0.7856721396484375 0 0.79770950390625 0.025697775390625 0.818036474609375 0.0314307490234375 0.8099051494140626