0 0.0802176337890625 0.3076171875 0.043247767578125 0.2001953125 0.0376674111328125 0.205078125 0.077427455078125 0.3097098212890625 0.0802176337890625 0.3076171875
0 0.1625279013671875 0.243443080078125 0.2845982138671875 0.2685546875 0.2859933037109375 0.258091517578125 0.160435267578125 0.2378627236328125 0.1625279013671875 0.243443080078125
0 0.1827566962890625 0.2908761162109375 0.2957589287109375 0.283900669921875 0.2901785712890625 0.2762276787109375 0.185546875 0.283900669921875 0.1827566962890625 0.2908761162109375
0 0.253208705078125 0.297154017578125 0.366908482421875 0.298549107421875 0.361328125 0.288783482421875 0.2518136162109375 0.2908761162109375 0.253208705078125 0.297154017578125
0 0.0620814736328125 0.2462332587890625 0.0020926337890625 0.214146205078125 0 0.2183314736328125 0.0571986611328125 0.253208705078125 0.0620814736328125 0.2462332587890625
0 0.1695033486328125 0.371791294921875 0.088588169921875 0.2866908486328125 0.0857979912109375 0.293666294921875 0.1674107138671875 0.3822544638671875 0.1695033486328125 0.371791294921875
0 0.136021205078125 0.4122488837890625 0.1088169638671875 0.2978515625 0.0990513388671875 0.2964564736328125 0.126953125 0.4164341513671875 0.136021205078125 0.4122488837890625
0 0.33203125 0.2769252236328125 0.389927455078125 0.2511160712890625 0.3892299111328125 0.243443080078125 0.322963169921875 0.2713448662109375 0.33203125 0.2769252236328125
0 0.366908482421875 0.337611607421875 0.3941127236328125 0.263671875 0.381556919921875 0.2608816962890625 0.361328125 0.3348214287109375 0.366908482421875 0.337611607421875
0 0.2127511162109375 0.5252511162109375 0.2134486611328125 0.5203683037109375 0.1436941962890625 0.4443359375 0.1436941962890625 0.4457310263671875 0.1388113837890625 0.449916294921875 0.2127511162109375 0.5252511162109375
0 0.181361607421875 0.586635044921875 0.1220703125 0.5092075888671875 0.1157924111328125 0.5140904013671875 0.1729910712890625 0.5894252236328125 0.181361607421875 0.586635044921875
0 0.21484375 0.6529017861328125 0.2022879462890625 0.5433872763671875 0.194614955078125 0.5440848212890625 0.209263392578125 0.6529017861328125 0.21484375 0.6529017861328125
0 0.3138950888671875 0.8140345986328125 0.230189732421875 0.7393973212890625 0.220424107421875 0.7442801337890625 0.3090122763671875 0.8168247763671875 0.3138950888671875 0.8140345986328125
0 0.399693080078125 0.7540457587890625 0.362025669921875 0.6773158486328125 0.3550502236328125 0.6787109375 0.3941127236328125 0.7589285712890625 0.399693080078125 0.7540457587890625
0 0.5064174111328125 0.863560267578125 0.3976004462890625 0.8426339287109375 0.3927176337890625 0.8482142861328125 0.502232142578125 0.8719308037109375 0.5064174111328125 0.863560267578125
0 0.52734375 0.8028738837890625 0.6466238837890625 0.8042689736328125 0.64453125 0.795200892578125 0.5301339287109375 0.795200892578125 0.52734375 0.8028738837890625
0 0 0.7931082587890625 0.029994419921875 0.8175223212890625 0.028599330078125 0.8077566962890625 0 0.7875279013671875 0 0.7931082587890625
0 0.025111607421875 0.742885044921875 0 0.731724330078125 0.000697544921875 0.741489955078125 0.0272042412109375 0.7498604912109375 0.025111607421875 0.742885044921875
0 0.0181361611328125 0.7142857138671875 0.0013950888671875 0.7017299111328125 0 0.707310267578125 0.0167410712890625 0.718470982421875 0.0181361611328125 0.7142857138671875
0 0.3836495537109375 0.5336216513671875 0.3780691962890625 0.4136439736328125 0.3696986611328125 0.409458705078125 0.366908482421875 0.532924107421875 0.3836495537109375 0.5336216513671875