0 0.345747865234375 0.8237086943359375 0.355441337890625 0.700165494140625 0.3449445478515625 0.7007486435546875 0.3393400517578125 0.8203176416015625 0.345747865234375 0.8237086943359375
0 0.4087157568359375 0.795877880859375 0.3803206708984375 0.6880973193359375 0.3719801416015625 0.690503587890625 0.4053861796875 0.8018453251953125 0.4087157568359375 0.795877880859375
0 0.398241388671875 0.7255435869140625 0.3452311591796875 0.638837173828125 0.3397859658203125 0.644367033203125 0.3913180439453125 0.7284725 0.398241388671875 0.7255435869140625
0 0.404488724609375 0.6517822900390625 0.326896521484375 0.6111747099609375 0.31927474609375 0.61418868359375 0.404691947265625 0.658709962890625 0.404488724609375 0.6517822900390625
0 0.4772412021484375 0.8619231728515625 0.3779270927734375 0.917123544921875 0.3788490693359375 0.924658923828125 0.4775053916015625 0.870929146484375 0.4772412021484375 0.8619231728515625
0 0.3943439619140625 0.9033050341796875 0.34780011328125 0.9858206494140626 0.356393171875 0.9855205732421874 0.398079986328125 0.9111929345703125 0.3943439619140625 0.9033050341796875
0 0.52841915234375 0.7666992548828125 0.4351117861328125 0.859406400390625 0.4388274873046875 0.8666015341796875 0.5288662421875 0.7819401357421875 0.52841915234375 0.7666992548828125
0 0.45660057421875 0.8512273662109375 0.56784898046875 0.7966592568359375 0.562481189453125 0.7904546904296875 0.454878556640625 0.840313212890625 0.45660057421875 0.8512273662109375
0 0.4468566337890625 0.6146412060546875 0.3470900595703125 0.606629634765625 0.3465948505859375 0.6136423681640625 0.4484363955078125 0.62070598828125 0.4468566337890625 0.6146412060546875
0 0.5923206943359375 0.57954425 0.470298458984375 0.601357619140625 0.4669892041015625 0.6080178291015625 0.5925442392578125 0.587164689453125 0.5923206943359375 0.57954425
0 0.7567215849609376 0.6165319228515626 0.68695765625 0.69941931640625 0.6891748837890626 0.703320736328125 0.7646481953125 0.6239094580078125 0.7567215849609376 0.6165319228515626
0 0.7891136083984375 0.6216250859375 0.825794556640625 0.510090443359375 0.8180914912109375 0.51033334765625 0.7835464814453125 0.622998341796875 0.7891136083984375 0.6216250859375
0 0.8337351904296875 0.7329913798828125 0.80476478125 0.8206439697265625 0.81187102734375 0.8239499619140624 0.8401023603515625 0.7349968994140625 0.8337351904296875 0.7329913798828125
0 0.8016566494140624 0.9058420654296875 0.7760714111328125 0.94163444921875 0.781719828125 0.94303226171875 0.804551986328125 0.9089656572265625 0.8016566494140624 0.9058420654296875
0 0.74157124609375 0.9124645556640625 0.7265031201171875 0.9483665576171875 0.7321312138671875 0.9490716025390625 0.746500908203125 0.9132546611328125 0.74157124609375 0.9124645556640625
0 0.6449770458984375 0.9409144658203125 0.6364054970703125 0.9593394423828125 0.644088240234375 0.9584037705078124 0.6485708125 0.94395299609375 0.6449770458984375 0.9409144658203125
0 0.81246222265625 0.318436814453125 0.81331995703125 0.2043126171875 0.8049387822265625 0.2053333505859375 0.8041013701171875 0.3201503154296875 0.81246222265625 0.318436814453125