0 0.718415658203125 1 0.6668177333984375 0.9776451474609374 0.66891082421875 0.985991650390625 0.6997511171875 1 0.718415658203125 1
0 0.70444441796875 0.76981965234375 0.7233251669921875 0.89552914453125 0.733403966796875 0.8971605078125 0.7175933681640625 0.7696767900390625 0.70444441796875 0.76981965234375
0 0.7324262841796875 0.6612385322265625 0.712236546875 0.730242619140625 0.72418171484375 0.7283801416015625 0.7454201953125 0.6686411171875 0.7324262841796875 0.6612385322265625
0 0.64478385546875 0.6858436796875 0.646793087890625 0.6954987880859375 0.7116943515625 0.672064279296875 0.7314365439453125 0.6664310244140625 0.73202355859375 0.6572707861328125 0.64478385546875 0.6858436796875
0 0.6732022119140625 0.8062514609375 0.686393091796875 0.8054542978515625 0.6816890693359375 0.6891941572265625 0.6706288173828125 0.6874998994140625 0.6732022119140625 0.8062514609375
0 0.6790797626953124 0.8785684912109375 0.6923252509765625 0.882045259765625 0.7044609892578125 0.759308876953125 0.693505560546875 0.7559788623046875 0.6790797626953124 0.8785684912109375
0 0.6007189677734375 0.8916141201171875 0.686245455078125 0.9769191630859375 0.69205860546875 0.973349748046875 0.69210053515625 0.9726954453125 0.6063726875 0.88540653125 0.6007189677734375 0.8916141201171875
0 0.6815853681640625 0.962495251953125 0.683132873046875 0.9537250576171875 0.5626148701171875 0.92235028125 0.56192303125 0.9331462783203125 0.6815853681640625 0.962495251953125
0 0.5443909296875 0.9247958828125 0.5550148134765625 0.9179213095703125 0.4784096669921875 0.8420573359375 0.471225015625 0.846524345703125 0.5443909296875 0.9247958828125
0 0.562543068359375 0.6825444189453125 0.5650803115234375 0.668581732421875 0.4444326279296875 0.6546088759765625 0.43966821875 0.6674433544921875 0.562543068359375 0.6825444189453125
0 0.4700636650390625 0.8697730595703125 0.4696984775390625 0.85496738671875 0.3587185810546875 0.843913533203125 0.356021904296875 0.85523804296875 0.4700636650390625 0.8697730595703125
0 0.4812721767578125 0.9460451552734375 0.4885743310546875 0.9448706240234375 0.41246844921875 0.876594025390625 0.4046923896484375 0.8800376513671875 0.4812721767578125 0.9460451552734375
0 0.2089456357421875 0.8077075615234375 0.28860825390625 0.876869076171875 0.3054899443359375 0.86973853125 0.2163106865234375 0.805551576171875 0.2089456357421875 0.8077075615234375
0 0.1188390302734375 0.72210901171875 0.2088949189453125 0.787994619140625 0.2186002431640625 0.780075697265625 0.13214301953125 0.7144207041015626 0.1188390302734375 0.72210901171875
0 0.2513084814453125 0.643875392578125 0.33513970703125 0.688995421875 0.3410157529296875 0.684444552734375 0.2583756298828125 0.6361159033203125 0.2513084814453125 0.643875392578125
0 0.1983226357421875 0.6454073291015625 0.3051085654296875 0.6706461953125 0.3082918271484375 0.661980826171875 0.196598625 0.6364274873046875 0.1983226357421875 0.6454073291015625
0 0.1501030849609375 0.5161752451171875 0.1652803447265625 0.6432898828125 0.16963813671875 0.6419266669921875 0.162283259765625 0.5208977255859375 0.1501030849609375 0.5161752451171875
0 0.183226607421875 0.1684508505859375 0.16919085546875 0.2900799892578125 0.18002878125 0.290117525390625 0.19159846875 0.1762142314453125 0.183226607421875 0.1684508505859375
0 0.0839867578125 0.209424076171875 0.09231082421875 0.2137939248046875 0.1128701162109375 0.1592452060546875 0.1051054375 0.1545770869140625 0.0839867578125 0.209424076171875