0 0.57243450390625 0.9033706357421875 0.6770326943359375 0.968026361328125 0.6784731005859375 0.953444546875 0.571797974609375 0.8902904169921875 0.57243450390625 0.9033706357421875
0 0.518024041015625 0.80026341796875 0.600934146484375 0.895222978515625 0.61097759765625 0.8901281708984375 0.531709513671875 0.795785181640625 0.518024041015625 0.80026341796875
0 0.479786083984375 0.8333250927734375 0.593108724609375 0.88463214453125 0.595156134765625 0.8701530927734376 0.4809607236328125 0.8162273408203125 0.479786083984375 0.8333250927734375
0 0.7238180107421875 0.6151889345703125 0.6500818203125 0.6663327001953125 0.6577366240234375 0.6781301220703125 0.735711998046875 0.623379869140625 0.7238180107421875 0.6151889345703125
0 0.676622630859375 0.711596466796875 0.6820298466796875 0.8403832421875 0.6957251611328125 0.84023082421875 0.6892843984375 0.7143577568359375 0.676622630859375 0.711596466796875
0 0.6601186982421875 0.69644773828125 0.6284691689453125 0.805988591796875 0.6370820546875 0.8198014189453126 0.675303630859375 0.7033425986328125 0.6601186982421875 0.69644773828125
0 0.6352643466796875 0.744747626953125 0.6433358544921876 0.749202759765625 0.6913941630859375 0.6510881083984374 0.675080533203125 0.6433844296875 0.6352643466796875 0.744747626953125
0 0.609619294921875 0.6360086904296876 0.706244431640625 0.6251863017578125 0.7072582958984375 0.61362095703125 0.6116667060546875 0.62152963671875 0.609619294921875 0.6360086904296876
0 0.43623282421875 0.587505685546875 0.561219783203125 0.62225534765625 0.5631720439453125 0.6040537705078125 0.4408788662109375 0.572231091796875 0.43623282421875 0.587505685546875
0 0.3505993427734375 0.7052040224609375 0.422127314453125 0.7883528876953125 0.43910373046875 0.782578576171875 0.3626344228515625 0.6992109140625 0.3505993427734375 0.7052040224609375
0 0.2771715927734375 0.701421494140625 0.3503499560546875 0.7860852294921875 0.357624158203125 0.7829925517578125 0.2875464365234375 0.689587693359375 0.2771715927734375 0.701421494140625
0 0.1929982685546875 0.5846273154296875 0.2711376552734375 0.6781614892578125 0.28619791015625 0.668356369140625 0.2085802177734375 0.575528251953125 0.1929982685546875 0.5846273154296875
0 0.182974435546875 0.826936099609375 0.210286294921875 0.9063058828125 0.220946591796875 0.90563965625 0.19416626953125 0.8313017470703125 0.182974435546875 0.826936099609375
0 0.2018245419921875 0.1969478125 0.18301723828125 0.3123691884765625 0.1974147080078125 0.31604205859375 0.2152639296875 0.19860527734375 0.2018245419921875 0.1969478125
0 0.2918691650390625 0 0.276440076171875 0.1132129033203125 0.283382884765625 0.11685921875 0.3073178076171875 0 0.2918691650390625 0
0 0.233704376953125 0 0.22757465234375 0.08517275390625 0.237467169921875 0.089936171875 0.2466441220703125 0 0.233704376953125 0
0 0.6337641943359374 0.936652044921875 0.651874513671875 0.9762874482421875 0.66584084765625 0.97571836328125 0.645693951171875 0.9288024912109375 0.6337641943359374 0.936652044921875
0 0.2355778681640625 0.9281365244140625 0.2273006240234375 0.8941205908203125 0.212436806640625 0.8940035732421875 0.2191512509765625 0.926061517578125 0.2355778681640625 0.9281365244140625
0 0.180916765625 0.921980283203125 0.1609166728515625 0.885671154296875 0.1500622578125 0.8908502568359375 0.1664714326171875 0.9183274052734375 0.180916765625 0.921980283203125