0 0.2532289541015625 0.8922689833984375 0.289864283203125 0.9790445546875 0.3054359130859375 0.978137611328125 0.25911216015625 0.889085072265625 0.2532289541015625 0.8922689833984375
0 0.2590769716796875 0.9452693740234375 0.2651864326171875 0.9382145341796875 0.1715725439453125 0.89330633203125 0.1657566669921875 0.897754931640625 0.163207822265625 0.9067242314453124 0.2590769716796875 0.9452693740234375
0 0.0519182265625 0.8871193076171875 0.16480494140625 0.9204820654296875 0.169674556640625 0.9145009443359375 0.055458220703125 0.880525654296875 0.0519182265625 0.8871193076171875
0 0 0.6653507587890625 0.0114297451171875 0.6300945703125 0.002460873046875 0.6240437314453126 0 0.6324506083984375 0 0.6653507587890625
0 0 0.6919527109375 0.022681783203125 0.605944255859375 0.0151547490234375 0.6026137607421875 0 0.6559809755859375 0 0.6919527109375
0 0.1551828466796875 0.5123651640625 0.2783377353515625 0.4868557529296875 0.2744629111328125 0.4790394169921875 0.14961748828125 0.50527784765625 0.1551828466796875 0.5123651640625
0 0.0165547509765625 0.490857689453125 0.02169186328125 0.49802187109375 0.1087522958984375 0.419833818359375 0.1045165576171875 0.4133590341796875 0.0165547509765625 0.490857689453125
0 0.239943130859375 0.439697048828125 0.311505451171875 0.5251640263671875 0.32239293359375 0.518528369140625 0.250379923828125 0.43271669140625 0.239943130859375 0.439697048828125
0 0.17697419921875 0.42631487890625 0.1778306884765625 0.426161150390625 0.2844993662109375 0.448297830078125 0.2915102041015625 0.4419323876953125 0.1771349443359375 0.4130927109375 0.17697419921875 0.42631487890625
0 0.3411513828125 0.48920043359375 0.352218412109375 0.4859372744140625 0.317600982421875 0.379794677734375 0.30603837890625 0.3818700126953125 0.3411513828125 0.48920043359375
0 0.3432325595703125 0.455205216796875 0.3538937880859375 0.452440484375 0.3396731728515625 0.3477440166015625 0.3294626328125 0.3508534462890625 0.3432325595703125 0.455205216796875
0 0.3381822158203125 0.262893462890625 0.3331730703125 0.388065052734375 0.3434733828125 0.386641873046875 0.3474671142578125 0.266759626953125 0.3381822158203125 0.262893462890625
0 0.17397407421875 0.3374792919921875 0.257748671875 0.2381758740234375 0.2490733857421875 0.229518794921875 0.165882689453125 0.3290335517578125 0.17397407421875 0.3374792919921875
0 0.1402343486328125 0.3371512685546875 0.1459792529296875 0.3476110849609375 0.219836896484375 0.248810857421875 0.213325275390625 0.24019101953125 0.1402343486328125 0.3371512685546875
0 0.2641383798828125 0.18766047265625 0.18308853125 0.2975401953125 0.1932523642578125 0.30167419140625 0.2707846611328125 0.198809685546875 0.2641383798828125 0.18766047265625
0 0 0.308802845703125 0.07268515234375 0.2458568974609375 0.0677275859375 0.242065216796875 0 0.29472253125 0 0.308802845703125
0 0.00424669140625 0.30027419140625 0.1034083662109375 0.2301283056640625 0.099060412109375 0.2215457080078125 0.0013630166015625 0.294833501953125 0.00424669140625 0.30027419140625
0 0 0.59539858984375 0.0058586826171875 0.59724501953125 0.0133822197265625 0.5798221806640625 0 0.5780862119140625 0 0.59539858984375