0 0 0.2405047314453125 0.058161275390625 0.27037133203125 0.059733201171875 0.260153810546875 0 0.2255714306640625 0 0.2405047314453125
0 0.0337964169921875 0.2239995048828125 0.0778103544921875 0.3348203125 0.0903857646484375 0.3277466435546875 0.04794375390625 0.2255714306640625 0.0337964169921875 0.2239995048828125
0 0.1642663037109375 0.2617257373046875 0.2955221533203125 0.2845186689453125 0.29237830078125 0.27587307421875 0.168196119140625 0.2499362890625 0.1642663037109375 0.2617257373046875
0 0.3929815869140625 0.247578400390625 0.3222449013671875 0.2900204111328125 0.328532607421875 0.2955221533203125 0.394553513671875 0.2625117001953125 0.3929815869140625 0.247578400390625
0 0.29788004296875 0.290806375 0.179199603515625 0.3002379326171875 0.184701345703125 0.3104554541015625 0.2994519697265625 0.29788004296875 0.29788004296875 0.290806375
0 0.2499362890625 0.302595822265625 0.2507222529296875 0.313599306640625 0.361543060546875 0.308097564453125 0.3639009501953125 0.297094080078125 0.2499362890625 0.302595822265625
0 0.3859079189453125 0.27587307421875 0.356041318359375 0.3489676494140625 0.367044802734375 0.3599711337890625 0.3953394765625 0.27587307421875 0.3859079189453125 0.27587307421875
0 0.102175212890625 0.3002379326171875 0.085669986328125 0.3159571962890625 0.16741015625 0.405556998046875 0.1768417138671875 0.39376755078125 0.102175212890625 0.3002379326171875
0 0.1265400712890625 0.436995525390625 0.1446172236328125 0.43227974609375 0.1178944765625 0.3222449013671875 0.10296117578125 0.3206729755859375 0.1265400712890625 0.436995525390625
0 0.1383295185546875 0.477079646484375 0.2169258359375 0.5533180751953125 0.2247854677734375 0.545458443359375 0.1509049296875 0.4668621259765625 0.1383295185546875 0.477079646484375
0 0.1226102548828125 0.541528626953125 0.1870592353515625 0.6256266865234374 0.1972767568359375 0.61069338671875 0.1288979609375 0.530525142578125 0.1226102548828125 0.541528626953125
0 0.199634646484375 0.57768293359375 0.2239995048828125 0.68771777734375 0.23736087890625 0.6837879619140625 0.210638130859375 0.57218119140625 0.199634646484375 0.57768293359375
0 0.3701886552734375 0.420490298828125 0.3709746181640625 0.550960185546875 0.38826580859375 0.545458443359375 0.3843359921875 0.420490298828125 0.3701886552734375 0.420490298828125
0 0.3866938818359375 0.848840228515625 0.2735151845703125 0.7851772109375 0.2735151845703125 0.793822806640625 0.3764763603515625 0.8582717861328125 0.3866938818359375 0.848840228515625
0 0.3583992080078125 0.7175843779296875 0.41027277734375 0.7710298740234375 0.4094868134765625 0.75609657421875 0.3646869130859375 0.7010791513671875 0.3583992080078125 0.7175843779296875
0 0.616981091796875 0.8684893076171875 0.497514689453125 0.848840228515625 0.4904410205078125 0.8535560078125 0.6130512763671875 0.874777013671875 0.616981091796875 0.8684893076171875
0 0.59418816015625 0.8126859228515625 0.719942267578125 0.8016824384765625 0.7105107099609375 0.7922508798828125 0.593402197265625 0.7914649169921875 0.59418816015625 0.8126859228515625
0 0 0.7396400107421875 0.0298519697265625 0.7496738466796875 0.0298519697265625 0.7457160234375 0 0.732623869140625 0 0.7396400107421875
0 0 0.713827109375 0.030246591796875 0.7423066083984375 0.0365692431640625 0.73280376953125 0 0.70396446875 0 0.713827109375
0 0 0.7975826611328125 0.02290256640625 0.820699947265625 0.0297010849609375 0.8123432529296875 0 0.78961478515625 0 0.7975826611328125