0 0 0.516095720703125 0.0470175302734375 0.5349865166015625 0.0486173623046875 0.5259174541015625 0 0.50780574609375 0 0.516095720703125
0 0.110221177734375 0.614207283203125 0.0477812734375 0.5203140859375 0.0394702041015625 0.5239871298828125 0.1024808994140625 0.617747525390625 0.110221177734375 0.614207283203125
0 0.2548345087890625 0.4315552646484375 0.131248947265625 0.446394064453125 0.12509723828125 0.460580705078125 0.25813545703125 0.4418032578125 0.2548345087890625 0.4315552646484375
0 0.22844615234375 0.492195060546875 0.316603982421875 0.406167814453125 0.311034330078125 0.40050619140625 0.2228765 0.4865334375 0.22844615234375 0.492195060546875
0 0.162026724609375 0.5180845927734375 0.2701253193359375 0.462785033203125 0.263399611328125 0.4533338544921875 0.1568606484375 0.5111694931640625 0.1624447685546875 0.5208862763671875 0.162026724609375 0.5180845927734375
0 0.3054775 0.48992705859375 0.344111396484375 0.38469333984375 0.3337535107421875 0.3865234443359375 0.296664775390625 0.49023808203125 0.3054775 0.48992705859375
0 0.3421786865234375 0.506319009765625 0.3498370029296875 0.411191099609375 0.3378358779296875 0.409924787109375 0.3335042421875 0.49964038671875 0.3421786865234375 0.506319009765625
0 0.1980171904296875 0.6326263232421875 0.1049650810546875 0.5591906025390625 0.099773271484375 0.5679358046875 0.18940062109375 0.64216833984375 0.1980171904296875 0.6326263232421875
0 0.17972928125 0.6763069208984375 0.12674203515625 0.5784750751953125 0.1133629658203125 0.5798485166015624 0.16481951953125 0.683254603515625 0.17972928125 0.6763069208984375
0 0.3785067939453125 0.6468727099609375 0.3512309736328125 0.5274044599609375 0.3416110986328125 0.5302224345703125 0.365058583984375 0.651740974609375 0.3785067939453125 0.6468727099609375
0 0.2911238818359375 0.904337345703125 0.191315478515625 0.904367455078125 0.1910244501953125 0.9142915888671875 0.2973624052734375 0.9144816640625 0.2911238818359375 0.904337345703125
0 0.450063271484375 0.8256132412109375 0.33869751953125 0.8115184208984375 0.3337565361328125 0.821944634765625 0.4494522763671875 0.8373511865234375 0.450063271484375 0.8256132412109375
0 0.6135062763671875 0.7968627880859375 0.500518166015625 0.8312679560546875 0.50259391796875 0.8412212158203125 0.6194248330078125 0.8088209189453125 0.6135062763671875 0.7968627880859375
0 0.920160494140625 0.7185583271484375 0.7991668095703125 0.75076756640625 0.801646138671875 0.7594673515625 0.924352203125 0.726859705078125 0.920160494140625 0.7185583271484375
0 0 0.77441321875 0.039118357421875 0.7876553564453125 0.0385143125 0.7788928193359375 0 0.761553166015625 0 0.77441321875
0 0.0157231708984375 0.8952348291015625 0.0603673974609375 0.91898528515625 0.0625749716796875 0.907245404296875 0.01414269140625 0.884642638671875 0.0157231708984375 0.8952348291015625