0 0.0437982626953125 0.1871380322265625 0.035337234375 0.1931105224609375 0.071669884765625 0.301113056640625 0.0841125732421875 0.2976291044921875 0.0437982626953125 0.1871380322265625
0 0.1632480703125 0.2379042001953125 0.2901634912109375 0.2652781142578125 0.29115890625 0.2513423037109375 0.165238900390625 0.226954634765625 0.1632480703125 0.2379042001953125
0 0.390700412109375 0.2279500498046875 0.3255007255859375 0.2588079169921875 0.33047780078125 0.269757482421875 0.388211875 0.2458675205078125 0.398166025390625 0.2408904453125 0.390700412109375 0.2279500498046875
0 0.4006545634765625 0.250844595703125 0.3877141669921875 0.246862935546875 0.3578517158203125 0.3215190654296875 0.3608379609375 0.327989263671875 0.365317328125 0.33396175390625 0.4006545634765625 0.250844595703125
0 0.248853765625 0.2906611982421875 0.3608379609375 0.2976291044921875 0.36481962109375 0.285684123046875 0.24835605859375 0.2826978779296875 0.248853765625 0.2906611982421875
0 0.1771838818359375 0.2866795380859375 0.2996199345703125 0.2807070478515625 0.2944187392578125 0.270304658203125 0.17519305078125 0.273739142578125 0.1771838818359375 0.2866795380859375
0 0.0905827705078125 0.27224601953125 0.0900850634765625 0.2727437275390625 0.081126328125 0.285186416015625 0.1662343154296875 0.371289818359375 0.17071368359375 0.3623310830078125 0.0905827705078125 0.27224601953125
0 0.1234314677734375 0.40364080859375 0.1353764482421875 0.3991614404296875 0.1094956572265625 0.28717724609375 0.0960575537109375 0.28717724609375 0.1234314677734375 0.40364080859375
0 0.3683035732421875 0.4046362236328125 0.374276064453125 0.5285653984375 0.3857233369140625 0.5290631064453125 0.3802485546875 0.40364080859375 0.3683035732421875 0.4046362236328125
0 0.1313947880859375 0.429023892578125 0.207544041015625 0.5156250029296875 0.2130188232421875 0.5091548046875 0.1428420615234375 0.42305140234375 0.1313947880859375 0.429023892578125
0 0.1139750244140625 0.48924650390625 0.110491072265625 0.50069377734375 0.1697182685546875 0.5753499072265625 0.1811655419921875 0.5663911708984375 0.1139750244140625 0.48924650390625
0 0.197589890625 0.5230906162109376 0.1871380322265625 0.5230906162109376 0.199580720703125 0.637065640625 0.2130188232421875 0.637065640625 0.197589890625 0.5230906162109376
0 0.3488929794921875 0.666430384765625 0.397668318359375 0.7614925234375 0.404138515625 0.751538373046875 0.3583494228515625 0.6549831123046875 0.3488929794921875 0.666430384765625
0 0.2090371630859375 0.7102286484375 0.1985853056640625 0.7226713359375 0.281204755859375 0.80429537109375 0.2921543212890625 0.7908572685546875 0.2090371630859375 0.7102286484375
0 0.3329663388671875 0.831171578125 0.4514207314453125 0.875965255859375 0.45042531640625 0.860536322265625 0.3409296591796875 0.8202220126953125 0.3329663388671875 0.831171578125
0 0.503182314453125 0.8028022490234376 0.62512066015625 0.8037976640625 0.617655046875 0.7933458056640625 0.5056708525390625 0.79633205078125 0.503182314453125 0.8028022490234376
0 0 0.213246203125 0.058163396484375 0.245918234375 0.0645933564453125 0.2391063935546875 0 0.197194150390625 0 0.213246203125
0 0 0.7403136328125 0.0278152900390625 0.754074400390625 0.0276292451171875 0.7355123779296875 0 0.7275907978515626 0 0.7403136328125
0 0.02813515625 0.811930986328125 0 0.783312767578125 0.0010803642578125 0.7997989248046875 0.0238104365234375 0.818706923828125 0.02813515625 0.811930986328125
0 0.8662941298828125 0.787869173828125 0.8666617470703125 0.806631779296875 0.990671208984375 0.8057740068359375 0.9881167421875 0.7876712265625 0.8662941298828125 0.787869173828125