0 0.1057231533203125 0.850827337890625 0.10367044921875 0.898834568359375 0.109508615234375 0.922374384765625 0.115687666015625 0.8509974599609375 0.1057231533203125 0.850827337890625
0 0.0666026181640625 0.75840230078125 0.07097950390625 0.774784955078125 0.130522982421875 0.7124530400390625 0.1274890859375 0.7027847734375 0.0666026181640625 0.75840230078125
0 0.349832716796875 0.6962831630859375 0.230154212890625 0.732665724609375 0.2331881103515625 0.7423339912109375 0.35098783203125 0.7090447060546875 0.349832716796875 0.6962831630859375
0 0.1210455712890625 0.7242316826171875 0.129562728515625 0.7274223095703125 0.1481556328125 0.61138046875 0.13438483984375 0.6104641962890625 0.1210455712890625 0.7242316826171875
0 0.353722474609375 0.672027919921875 0.2337516806640625 0.6668142626953125 0.2348580810546875 0.6726431025390625 0.35248387890625 0.684267771484375 0.353722474609375 0.672027919921875
0 0.29785300390625 0.667107279296875 0.4139062138671875 0.7049099775390625 0.414052333984375 0.6970189541015624 0.30317621875 0.65834299609375 0.29785300390625 0.667107279296875
0 0.367020064453125 0.6424839619140625 0.4418931455078125 0.71684741796875 0.4508347626953125 0.714876439453125 0.3847502177734375 0.6413441953125 0.367020064453125 0.6424839619140625
0 0.43464241015625 0.6930831416015625 0.4445234189453125 0.6895655244140625 0.4070729287109375 0.6135169970703125 0.39538271875 0.6136379619140625 0.43464241015625 0.6930831416015625
0 0.151822775390625 0.6537956083984375 0.163283361328125 0.6578779287109375 0.2178306337890625 0.55659415234375 0.2079704892578125 0.5466891376953125 0.151822775390625 0.6537956083984375
0 0.180387130859375 0.5143235908203125 0.169991193359375 0.514226240234375 0.1643131943359375 0.63641873046875 0.17651137109375 0.6348238994140625 0.180387130859375 0.5143235908203125
0 0.361571423828125 0.444892708984375 0.391639033203125 0.5726239169921875 0.402779525390625 0.57213294921875 0.3767199931640625 0.4492784052734375 0.361571423828125 0.444892708984375
0 0.21286215625 0.394551962890625 0.271076548828125 0.3069941943359375 0.2599638828125 0.2991513642578125 0.2068500419921875 0.38723696875 0.21286215625 0.394551962890625
0 0.0512170712890625 0.2941049345703125 0.12568645703125 0.245450833984375 0.1234388671875 0.2370381201171875 0.0432426708984375 0.2861954775390625 0.0512170712890625 0.2941049345703125
0 0.3180669443359375 0.2162396533203125 0.230794009765625 0.2827861796875 0.2401392265625 0.2890762265625 0.323097916015625 0.22325741796875 0.3180669443359375 0.2162396533203125
0 0.6182130615234375 0.16005899609375 0.4961686748046875 0.1875860693359375 0.503906486328125 0.194609978515625 0.619326423828125 0.1709766689453125 0.6182130615234375 0.16005899609375