0 0.2599666923828125 0.9632496005859374 0.180002255859375 0.9957394775390624 0.200609474609375 0.99537977734375 0.261283802734375 0.971762283203125 0.2599666923828125 0.9632496005859374
0 0.35621483984375 0.8199600126953125 0.371395802734375 0.696614552734375 0.363380224609375 0.69389855078125 0.3407622724609375 0.8204988603515625 0.35621483984375 0.8199600126953125
0 0.4198279462890625 0.7240249501953125 0.3516250087890625 0.633542322265625 0.3431895986328125 0.6398275029296875 0.4071401396484375 0.7296025546875 0.4198279462890625 0.7240249501953125
0 0.3991632998046875 0.90062502734375 0.336754693359375 0.993003353515625 0.351769404296875 0.9927412705078125 0.41168058203125 0.907891287109375 0.3991632998046875 0.90062502734375
0 0.51011957421875 0.8462600458984375 0.3985541337890625 0.90449764453125 0.4059005673828125 0.9123721474609375 0.507193693359375 0.863051369140625 0.51011957421875 0.8462600458984375
0 0.3904727900390625 0.6826834677734375 0.4122462783203125 0.803884423828125 0.4224186318359375 0.7971107431640625 0.399177501953125 0.6798123408203125 0.3904727900390625 0.6826834677734375
0 0.4391084052734375 0.650604416015625 0.341514998046875 0.6022280048828125 0.3348659189453125 0.61615364453125 0.4284468359375 0.658678947265625 0.4391084052734375 0.650604416015625
0 0.467229970703125 0.626515533203125 0.4715529296875 0.6165223828125 0.36720930078125 0.60261580859375 0.3672586884765625 0.6107447666015625 0.467229970703125 0.626515533203125
0 0.4817652685546875 0.608891447265625 0.4803670068359375 0.6204943310546875 0.6061043388671875 0.6075511181640625 0.6066441259765625 0.5959781689453125 0.4817852607421875 0.608462818359375 0.4817652685546875 0.608891447265625
0 0.45021558984375 0.8534841328125 0.4571327861328125 0.8613736044921875 0.5562620966796875 0.775754177734375 0.54893565625 0.7674510458984375 0.45021558984375 0.8534841328125
0 0.474883259765625 0.82994362109375 0.477657423828125 0.8439685927734375 0.5917277294921875 0.796341912109375 0.5877952080078125 0.78877629296875 0.474883259765625 0.82994362109375
0 0.624507322265625 0.9847721083984375 0.6533486025390625 0.9452526259765625 0.647309875 0.9369045908203125 0.607337802734375 0.9853708291015625 0.624507322265625 0.9847721083984375
0 0.7489863359375 0.980431384765625 0.7730260302734375 0.9427910615234375 0.7619658037109375 0.9410370908203125 0.7279536748046875 0.9811648173828125 0.7489863359375 0.980431384765625
0 0.8417606611328124 0.6819241240234375 0.8135344013671875 0.7817603740234375 0.821060763671875 0.7857772275390625 0.8524316328125 0.682835806640625 0.8417606611328124 0.6819241240234375
0 0.7990886015625 0.4942668193359375 0.7823612119140625 0.604828287109375 0.7920337646484376 0.60877030078125 0.8143318447265625 0.4890280341796875 0.7990886015625 0.4942668193359375
0 0.8304865009765625 0.436685099609375 0.832839712890625 0.321917638671875 0.8229272548828125 0.323119158203125 0.819286330078125 0.4379315234375 0.8304865009765625 0.436685099609375
0 0.8227556748046875 0.0419747353515625 0.8189171962890625 0.124271263671875 0.8283404384765625 0.124370595703125 0.833586583984375 0.039457396484375 0.8227556748046875 0.0419747353515625
0 0.69391422265625 0.9818061044921875 0.7031970322265625 0.963493568359375 0.6979490126953125 0.9632088232421875 0.687085009765625 0.9804516748046875 0.69391422265625 0.9818061044921875