0 0.2735107822265625 0.13364087890625 0.3125837509765625 0.0215184462890625 0.3029570771484375 0.0192533466796875 0.2638841083984375 0.122315380859375 0.2735107822265625 0.13364087890625
0 0.2689805830078125 0.0685192646484375 0.177244046875 0.13364087890625 0.1857381708984375 0.14553265234375 0.2797398056640625 0.074182013671875 0.2689805830078125 0.0685192646484375
0 0.18177424609375 0.104194583984375 0.0707843642578125 0.165918548828125 0.0838086865234375 0.177810322265625 0.191400919921875 0.1189177314453125 0.18177424609375 0.104194583984375
0 0.05266356640625 0.455851302734375 0.0628565146484375 0.45188737890625 0.0243498212890625 0.361283392578125 0.0130243232421875 0.36184966796875 0.05266356640625 0.455851302734375
0 0.002831375 0.3448614208984375 0.0385066943359375 0.4416944306640625 0.0492659169921875 0.4343328564453125 0.0130243232421875 0.3425963212890625 0.002831375 0.3448614208984375
0 0.057193765625 0.575901583984375 0.156291875 0.638758099609375 0.156291875 0.6279988759765625 0.0679529892578125 0.566841185546875 0.057193765625 0.575901583984375
0 0.19366601953125 0.5198403681640625 0.1880032705078125 0.527768216796875 0.3142825751953125 0.5362623408203125 0.315415125 0.5255031171875 0.19366601953125 0.5198403681640625
0 0.3442951455078125 0.4807673994140625 0.2825711806640625 0.57816668359375 0.2888002041015625 0.5866608076171875 0.3561869189453125 0.4852975986328125 0.3442951455078125 0.4807673994140625
0 0.2197146650390625 0.6144082783203125 0.225943689453125 0.6212035771484375 0.3335359228515625 0.571371384765625 0.325041798828125 0.566841185546875 0.2197146650390625 0.6144082783203125
0 0.37374144140625 0.51361134375 0.3510904443359375 0.626866326171875 0.35901829296875 0.6330953505859375 0.3884645888671875 0.5170089931640625 0.37374144140625 0.51361134375
0 0.389597138671875 0.5498529384765625 0.37997046484375 0.5475878388671875 0.3720426162109375 0.658577720703125 0.38280183984375 0.6557463466796875 0.389597138671875 0.5498529384765625
0 0.37091006640625 0.615540828125 0.3856332138671875 0.74012130859375 0.394127337890625 0.737856208984375 0.380536740234375 0.613275728515625 0.37091006640625 0.615540828125
0 0.1693161982421875 0.8165684208984375 0.063989064453125 0.7661699541015625 0.0611576904296875 0.7752303525390625 0.1642197236328125 0.8210986201171875 0.1693161982421875 0.8165684208984375
0 0.0266149208984375 0.751446806640625 0.1325083291015625 0.813737046875 0.13647225390625 0.8075080224609374 0.03737414453125 0.7446515078125 0.0266149208984375 0.751446806640625
0 0.198762494140625 0.7174703115234375 0.2888002041015625 0.797881349609375 0.2933304033203125 0.785989576171875 0.207822892578125 0.7084099130859375 0.198762494140625 0.7174703115234375
0 0.2310401640625 0.705012263671875 0.223112314453125 0.7146389375 0.3165476748046875 0.80014644921875 0.32900572265625 0.7916523251953125 0.2310401640625 0.705012263671875
0 0.3420300458984375 0.820532345703125 0.25369116015625 0.735591109375 0.2451970361328125 0.7457840576171875 0.334102197265625 0.83015901953125 0.3420300458984375 0.820532345703125
0 0.04379240234375 0.467720919921875 0.0005159638671875 0.4901110205078125 0.0045689921875 0.500793501953125 0.0491285517578125 0.4747101884765625 0.04379240234375 0.467720919921875
0 0 0.4649102763671875 0.0450619443359375 0.480789732421875 0.045537173828125 0.466930001953125 0 0.4499133896484375 0 0.4649102763671875
0 0.0498583681640625 0.5866233525390625 0.0026069736328125 0.5639752705078125 0 0.5735443564453125 0.0477537802734375 0.595754548828125 0.0498583681640625 0.5866233525390625
0 0 0.755316263671875 0.0496546982421875 0.7836806787109375 0.0533411220703125 0.771134619140625 0 0.7463887373046875 0 0.755316263671875
0 0.0568476376953125 0.828759595703125 0.001737982421875 0.7907819658203125 0 0.7988269228515625 0.05156580078125 0.8416926279296875 0.0568476376953125 0.828759595703125