0 0.336046712890625 0.9372152333984375 0.4421799296875 0.8824838515625 0.436235845703125 0.8761197412109375 0.3302660712890625 0.933184630859375 0.336046712890625 0.9372152333984375
0 0.3344675029296875 0.690378580078125 0.331443287109375 0.8154182412109375 0.34091356640625 0.8143131318359375 0.3515534052734375 0.687600591796875 0.3344675029296875 0.690378580078125
0 0.36097356640625 0.67630681640625 0.38355096484375 0.796790578125 0.39212115625 0.795790501953125 0.36959823828125 0.6760845771484375 0.36097356640625 0.67630681640625
0 0.3916201533203125 0.7213505888671875 0.3586255625 0.6091401748046875 0.347320302734375 0.6159487666015625 0.37897459765625 0.7314523564453125 0.3916201533203125 0.7213505888671875
0 0.37988475 0.6435164814453125 0.3088117705078125 0.5820169384765626 0.305008810546875 0.595007810546875 0.37207728515625 0.6554062626953125 0.37988475 0.6435164814453125
0 0.334778369140625 0.593886509765625 0.423999802734375 0.6117060146484375 0.4261900654296875 0.5981191396484375 0.3314603935546875 0.5801582109375 0.334778369140625 0.593886509765625
0 0.471650751953125 0.5967351923828125 0.5989886748046875 0.5756022822265625 0.59561621875 0.5610961474609375 0.4687850009765625 0.5782489599609375 0.471650751953125 0.5967351923828125
0 0.412699154296875 0.8765137119140625 0.4943477900390625 0.7862140166015625 0.4888559306640625 0.7750919716796875 0.4034751962890625 0.868179755859375 0.412699154296875 0.8765137119140625
0 0.5383973212890625 0.7983260283203125 0.4195804482421875 0.851400720703125 0.42123124609375 0.863755181640625 0.54338247265625 0.81342816796875 0.5383973212890625 0.7983260283203125
0 0.657677458984375 0.695793087890625 0.5769332734375 0.7765769208984376 0.5848169375 0.788204052734375 0.668623076171875 0.7062787197265625 0.657677458984375 0.695793087890625
0 0.6540486171875 0.778556857421875 0.66193228125 0.790183990234375 0.7437127392578124 0.7097317919921875 0.7349017646484375 0.699328697265625 0.6540486171875 0.778556857421875
0 0.7310226044921875 0.6888026572265625 0.826444505859375 0.615716369140625 0.8156078505859375 0.606786408203125 0.7250240400390625 0.681660708984375 0.7310226044921875 0.6888026572265625
0 0.80009799609375 0.1498431240234375 0.7917243701171875 0.0190757626953125 0.7845325732421875 0.0285411181640625 0.788972556640625 0.148004603515625 0.80009799609375 0.1498431240234375
0 0.8575885712890625 0.1407818330078125 0.855540392578125 0.021823435546875 0.84318362109375 0.024833763671875 0.8416795205078125 0.1379331357421875 0.8575885712890625 0.1407818330078125
0 0.88322755859375 0.3722637998046875 0.8774636611328125 0.24511287109375 0.8617180537109375 0.244597681640625 0.86576029296875 0.3695969345703125 0.88322755859375 0.3722637998046875
0 0.3656058515625 0.904960236328125 0.3338571083984375 0.9755980400390625 0.344256251953125 0.974749166015625 0.3757828388671875 0.9100921435546875 0.3656058515625 0.904960236328125
0 0.2268234052734375 0.984335125 0.2461188681640625 0.9827600498046875 0.2452896435546875 0.9766770185546875 0.2268234052734375 0.984335125
0 0.8273192470703125 0.8390498974609375 0.7879561044921874 0.9107327978515625 0.79980590234375 0.911802099609375 0.832716384765625 0.8412916552734375 0.8273192470703125 0.8390498974609375
0 0.858894607421875 0.891255041015625 0.8398868115234375 0.922158037109375 0.849095521484375 0.9228295791015625 0.86891305859375 0.895440302734375 0.858894607421875 0.891255041015625
0 0.79144412109375 0.904640625 0.78443369140625 0.929502056640625 0.7973563017578125 0.928867150390625 0.8043118359375 0.9101474462890625 0.79144412109375 0.904640625