0 0.625036056640625 0.6856601611328125 0.6977080927734375 0.6157726240234375 0.680125203125 0.607958931640625 0.6123286357421875 0.668915169921875 0.625036056640625 0.6856601611328125
0 0.6357775771484375 0.56765743359375 0.6152915712890625 0.6625419775390625 0.6286771669921875 0.6582954912109374 0.644063078125 0.5702325634765625 0.6357775771484375 0.56765743359375
0 0.59838921484375 0.38067038671875 0.618089904296875 0.5109779912109375 0.6297897392578125 0.49773903125 0.612262572265625 0.3741647431640625 0.59838921484375 0.38067038671875
0 0.9841152578125 0.6175062685546875 0.927554427734375 0.51721984375 0.9305922373046875 0.5115498798828125 0.914917580078125 0.5284986005859375 0.970616275390625 0.627528046875 0.9841152578125 0.6175062685546875
0 0.8227288154296875 0.49032698828125 0.9152876533203125 0.55933525390625 0.9181393505859375 0.545077091796875 0.8319171171875 0.4740203212890625 0.8227288154296875 0.49032698828125
0 0.7249627431640625 0.6323410126953125 0.8549508125 0.628791388671875 0.8485414853515625 0.6164764072265625 0.7206905751953125 0.61957760546875 0.7249627431640625 0.6323410126953125
0 0.71210557421875 0.614189568359375 0.8278887265625 0.5798304169921875 0.8287508623046875 0.58108739453125 0.832802708984375 0.5644206015625 0.711919462890625 0.60560137109375 0.71210557421875 0.614189568359375
0 0.64754368359375 0.609762740234375 0.643904724609375 0.623467150390625 0.7607746376953125 0.5924746572265625 0.7610762880859375 0.5816273046875 0.64754368359375 0.609762740234375
0 0.8452706533203125 0.4352715703125 0.8885571259765624 0.5476894521484375 0.905917541015625 0.5397332041015624 0.864355341796875 0.429829279296875 0.8452706533203125 0.4352715703125
0 0.7568770498046875 0.3438212236328125 0.8391629755859376 0.4121092373046875 0.8465884921875 0.399767130859375 0.76216540625 0.33192754296875 0.7568770498046875 0.3438212236328125
0 0.7700102626953125 0.2756422734375 0.84742287109375 0.3392013251953125 0.8546237626953125 0.3247495380859375 0.7838472587890625 0.26195488671875 0.7700102626953125 0.2756422734375
0 0.7196683466796875 0.20640315234375 0.7623943330078125 0.306716703125 0.7800542490234375 0.3015733623046875 0.7336165791015625 0.200600736328125 0.7196683466796875 0.20640315234375
0 0.51369029296875 0.159755033203125 0.59515474609375 0.20664729296875 0.6001050908203125 0.1984192216796875 0.516766615234375 0.147606552734375 0.51369029296875 0.159755033203125
0 0.5306849375 0.09364161328125 0.6457107373046875 0.106891232421875 0.647850048828125 0.0927825458984375 0.5249131220703125 0.0804739306640625 0.5306849375 0.09364161328125
0 0.2148259384765625 0.2188691201171875 0.34099323828125 0.193115189453125 0.3369456943359375 0.182461462890625 0.2097665078125 0.2055519619140625 0.2148259384765625 0.2188691201171875
0 0.4090550947265625 0.1141298544921875 0.2950005166015625 0.123682443359375 0.2848752041015625 0.1380289052734375 0.40766668359375 0.1216105498046875 0.4090550947265625 0.1141298544921875
0 0.957570837890625 0.0603898740234375 0.93261646484375 0.0464838583984375 0.92812262890625 0.05699778515625 0.9584881796875 0.0737983095703125 0.957570837890625 0.0603898740234375
0 0.9653877568359375 0.13380660546875 0.922964720703125 0.1139949130859375 0.9129277958984375 0.1251681728515625 0.967119021484375 0.1500666875 0.9653877568359375 0.13380660546875
0 0.96334171875 0.1145901455078125 0.937624376953125 0.1078965458984375 0.936020501953125 0.1167966162109375 0.96428604296875 0.12345928125 0.96334171875 0.1145901455078125
0 0.942224212890625 0.59203072265625 0.9879239033203125 0.60435046875 0.988095705078125 0.5945079580078125 0.9518144521484375 0.5814549248046875 0.942224212890625 0.59203072265625