0 0.25836505859375 0.95671791796875 0.273330013671875 0.958645591796875 0.3203870126953125 0.896341171875 0.3165057666015625 0.894605689453125 0.25836505859375 0.95671791796875
0 0.2891037314453125 0.896429923828125 0.287462609375 0.9147514658203125 0.4030131025390625 0.87856727734375 0.4033241953125 0.867075744140625 0.2891037314453125 0.896429923828125
0 0.2973248720703125 0.7924689248046874 0.33588809375 0.664822880859375 0.32081424609375 0.663704865234375 0.29036353125 0.7952788037109375 0.2973248720703125 0.7924689248046874
0 0.3498966318359375 0.7840026328125 0.362147033203125 0.778579306640625 0.3556598662109375 0.6616039287109375 0.3436816904296875 0.665003107421875 0.3498966318359375 0.7840026328125
0 0.334130111328125 0.6044673408203125 0.3578300703125 0.7158349228515625 0.3680149130859375 0.7087142900390625 0.3416825859375 0.603380978515625 0.334130111328125 0.6044673408203125
0 0.3795617197265625 0.6337945576171875 0.3164349716796875 0.564710263671875 0.3105255888671875 0.5743405703125 0.37663719921875 0.643302076171875 0.3795617197265625 0.6337945576171875
0 0.3343633671875 0.5690788818359375 0.3302565771484375 0.5751393642578125 0.4209564072265625 0.61359244140625 0.421073060546875 0.6066061357421875 0.3343633671875 0.5690788818359375
0 0.369940837890625 0.864422919921875 0.46935181640625 0.795271529296875 0.46558722265625 0.7865497412109375 0.3640450615234375 0.8562502958984375 0.369940837890625 0.864422919921875
0 0.38587023046875 0.850001103515625 0.5034975126953125 0.8350884287109375 0.5032719169921875 0.8214685478515625 0.385100181640625 0.8404295205078125 0.38587023046875 0.850001103515625
0 0.4641634189453125 0.6105093427734375 0.5893665673828125 0.6188120615234375 0.5902999013671875 0.605753306640625 0.463502259765625 0.600128099609375 0.4641634189453125 0.6105093427734375
0 0.5868158115234375 0.80298919140625 0.680556611328125 0.739285056640625 0.6744119521484375 0.73602248828125 0.57900663671875 0.79374641015625 0.5868158115234375 0.80298919140625
0 0.6651951142578125 0.795376177734375 0.672895400390625 0.8054286181640625 0.7608493154296875 0.732742197265625 0.751608984375 0.724962439453125 0.6651951142578125 0.795376177734375
0 0.7762424306640625 0.8875188076171875 0.7297143583984375 0.958128220703125 0.734155634765625 0.964877958984375 0.7865639052734374 0.8933786171875 0.7762424306640625 0.8875188076171875
0 0.8206233828125 0.6584850751953125 0.858852169921875 0.53944465625 0.84947184375 0.535765294921875 0.810410798828125 0.651815607421875 0.8206233828125 0.6584850751953125
0 0.9137252861328125 0.13755282421875 0.901280701171875 0.2545606123046875 0.9120377392578125 0.257181783203125 0.92326894921875 0.140017697265625 0.9137252861328125 0.13755282421875
0 0.8611639404296875 0.095326845703125 0.905266990234375 0.03242685546875 0.8894322236328125 0.030387138671875 0.846934814453125 0.085281982421875 0.8611639404296875 0.095326845703125
0 0.1383325 0.9420799033203126 0.1812673203125 0.935839177734375 0.180209380859375 0.9226982060546876 0.1216597021484375 0.9384108681640625 0.1383325 0.9420799033203126