0 0.3042875986328125 0.0118773974609375 0.2652618662109375 0.1249954638671875 0.2743113115234375 0.1306513671875 0.3155994052734375 0.0209268427734375 0.3042875986328125 0.0118773974609375
0 0.1866448095703125 0.1397008125 0.2771392626953125 0.0774858759765625 0.2703521787109375 0.0690020205078125 0.1821200869140625 0.132913728515625 0.1866448095703125 0.1397008125
0 0.187775990234375 0.119339560546875 0.178160955078125 0.10802775390625 0.07182997265625 0.1662835576171875 0.0780514658203125 0.17589859375 0.187775990234375 0.119339560546875
0 0.0117236240234375 0.3408869248046875 0.0015781806640625 0.3471996455078125 0.041032685546875 0.440537732421875 0.049149041015625 0.4328722861328125 0.0117236240234375 0.3408869248046875
0 0.0238981572265625 0.359825087890625 0.014879984375 0.365010537109375 0.0527563095703125 0.4563195341796875 0.06132357421875 0.4540649912109375 0.0238981572265625 0.359825087890625
0 0.1558557451171875 0.637839634765625 0.1574143017578125 0.6273193720703125 0.067407609375 0.5645874345703125 0.06156301953125 0.5766662548828125 0.1558557451171875 0.637839634765625
0 0.1881958115234375 0.5314680888671875 0.31677680078125 0.534195564453125 0.31794571875 0.52172710546875 0.1913129267578125 0.5205581875 0.1881958115234375 0.5314680888671875
0 0.3444411953125 0.480035693359375 0.280150701171875 0.584848681640625 0.289891685546875 0.587186517578125 0.3557407373046875 0.4827631689453125 0.3444411953125 0.480035693359375
0 0.377560541015625 0.5147135966796875 0.35184434375 0.6273193720703125 0.3623646064453125 0.6273193720703125 0.3865222470703125 0.512765400390625 0.377560541015625 0.5147135966796875
0 0.3931461162109375 0.5447158271484375 0.382625853515625 0.5454951064453125 0.3736641474609375 0.661997275390625 0.3830154921875 0.6600490791015625 0.3931461162109375 0.5447158271484375
0 0.33119345703125 0.5786144521484375 0.3249592275390625 0.5641977958984375 0.2170291240234375 0.612513076171875 0.21819804296875 0.6261504541015624 0.33119345703125 0.5786144521484375
0 0.3853533291015625 0.73836658984375 0.3954839521484375 0.7352494755859375 0.3822362138671875 0.6144612734375 0.371715951171875 0.617578388671875 0.3853533291015625 0.73836658984375
0 0.03506754296875 0.7442111806640626 0.0311711494140625 0.752393607421875 0.135594498046875 0.8147359052734375 0.1359841376953125 0.8092809541015625 0.03506754296875 0.7442111806640626
0 0.1652070888671875 0.8256458076171875 0.172999876953125 0.8159048232421875 0.0670179697265625 0.7648620673828125 0.0654594130859375 0.7726548544921875 0.1652070888671875 0.8256458076171875
0 0.2100156162109375 0.710312556640625 0.2014435498046875 0.7204431796875 0.28911240625 0.7979814130859375 0.29028132421875 0.790188625 0.2100156162109375 0.710312556640625
0 0.230666501953125 0.711481474609375 0.22521155078125 0.718494982421875 0.3214524736328125 0.8003192490234375 0.324569587890625 0.7972021337890625 0.230666501953125 0.711481474609375
0 0.2478106337890625 0.7477179345703125 0.337817326171875 0.8303214794921875 0.34327227734375 0.8264250859375 0.252486306640625 0.7430422626953125 0.2478106337890625 0.7477179345703125
0 0.0379629462890625 0.4701417080078125 0.0003813427734375 0.49040648828125 0.001441951171875 0.4974985654296875 0.0446364404296875 0.4756950087890625 0.0379629462890625 0.4701417080078125
0 0.0394585244140625 0.4688233955078125 0.001906712890625 0.455704318359375 0 0.4601955205078125 0.0367250732421875 0.47680328515625 0.0394585244140625 0.4688233955078125
0 0.053054279296875 0.7738199560546875 0 0.7481940361328125 0.0006450048828125 0.759754970703125 0.0472998798828125 0.783021333984375 0.053054279296875 0.7738199560546875
0 0.0537663173828125 0.832417107421875 0.0015253701171875 0.7924297685546875 0 0.8005228701171875 0.0512339638671875 0.8355810595703125 0.0537663173828125 0.832417107421875