0 1 0.5870605556640625 0.972128880859375 0.551169623046875 0.960774578125 0.5550395546875 1 0.60521687109375 1 0.5870605556640625
0 0.7972545224609375 0.6766651630859375 0.9239682734375 0.6665604892578125 0.9242426123046875 0.6565693759765625 0.7922499501953125 0.6616915849609375 0.7972545224609375 0.6766651630859375
0 0.70972920703125 0.72112933984375 0.758406072265625 0.6577388017578125 0.7493328046875 0.64680966796875 0.7003447216796875 0.7164770087890625 0.70972920703125 0.72112933984375
0 0.784716548828125 0.6553697041015625 0.893402494140625 0.616554048828125 0.8863543544921875 0.6026741162109375 0.7758542021484375 0.646873630859375 0.784716548828125 0.6553697041015625
0 0.7218143388671875 0.67800029296875 0.824277392578125 0.633179794921875 0.8191172119140625 0.62134462109375 0.7166172841796875 0.6624508095703125 0.7218143388671875 0.67800029296875
0 0.6967914794921874 0.6031324091796875 0.69944572265625 0.7011732998046875 0.7108737763671875 0.704731986328125 0.7104555830078125 0.6061733583984374 0.6967914794921874 0.6031324091796875
0 0.622468517578125 0.434819298828125 0.6660700927734375 0.55626437109375 0.6786795888671875 0.547140013671875 0.632512310546875 0.4306323291015625 0.622468517578125 0.434819298828125
0 0.8659592041015625 0.52363235546875 0.96147298828125 0.58776299609375 0.968107390625 0.5787811689453125 0.866755681640625 0.509797498046875 0.8659592041015625 0.52363235546875
0 0.9540214443359375 0.5708740947265625 0.8856677001953125 0.4582625302734375 0.88881085546875 0.45505286328125 0.8745058818359375 0.4627083681640625 0.9402386083984375 0.5746858564453124 0.9540214443359375 0.5708740947265625
0 0.75271626953125 0.3668127001953125 0.844894416015625 0.4335771005859375 0.8479269443359375 0.4192245068359375 0.7544751650390625 0.355857376953125 0.75271626953125 0.3668127001953125
0 0.7426495849609375 0.2934456494140625 0.8385852119140625 0.3624424140625 0.8465116845703125 0.3519204677734375 0.74888058203125 0.2814548525390625 0.7426495849609375 0.2934456494140625
0 0.655869083984375 0.2248109990234375 0.7361811240234375 0.3191418701171875 0.7462249150390625 0.314954900390625 0.663273419921875 0.2181327978515625 0.655869083984375 0.2248109990234375
0 0.1168863447265625 0.30245134765625 0.229129181640625 0.2832877880859375 0.227323078125 0.2706760087890625 0.1103153603515625 0.2990090009765625 0.1168863447265625 0.30245134765625
0 0.24244073828125 0.2131943671875 0.1235900419921875 0.225201271484375 0.1248002578125 0.23422817578125 0.239352896484375 0.221975498046875 0.24244073828125 0.2131943671875
0 0.342641197265625 0.185030091796875 0.46232524609375 0.1629026396484375 0.4579165634765625 0.1515139384765625 0.343108021484375 0.1756148837890625 0.342641197265625 0.185030091796875
0 0.92969658203125 0.178669333984375 0.857967548828125 0.157107732421875 0.854973943359375 0.1689791005859375 0.9345336044921875 0.1967374384765625 0.92969658203125 0.178669333984375
0 0.9105724423828125 0.117596302734375 0.8788507109375 0.1024577294921875 0.8819332568359375 0.1166779296875 0.9129463193359375 0.130701171875 0.9105724423828125 0.117596302734375