0 0.31187583984375 0.000467580078125 0.29691328125 0 0.26839090234375 0.060785396484375 0.2665205830078125 0.0626557158203125 0.2740018623046875 0.065928775390625 0.31187583984375 0.000467580078125
0 0.1800182880859375 0.0551744365234375 0.186096828125 0.06826667578125 0.276807341796875 0.0144949794921875 0.2740018623046875 0.007481279296875 0.1800182880859375 0.0551744365234375
0 0.1823561884765625 0.042082197265625 0.0701369951171875 0.0930484140625 0.0720073154296875 0.1009972734375 0.187499568359375 0.051901376953125 0.1823561884765625 0.042082197265625
0 0.0085442744140625 0.29347724609375 0.0040863916015625 0.30041173046875 0.0375205087890625 0.3904361845703125 0.043588181640625 0.386968943359375 0.0085442744140625 0.29347724609375
0 0.0324434765625 0.3675276240234375 0.000123830078125 0.2860474423828125 0.00123830078125 0.313042396484375 0.015602587890625 0.3480863037109375 0.02773793359375 0.3711186953125 0.0324434765625 0.3675276240234375
0 0.18381061328125 0.468632748046875 0.308262203125 0.47419765625 0.306069966796875 0.4679582138671875 0.18549694921875 0.460201068359375 0.18381061328125 0.468632748046875
0 0.3504206015625 0.434737396484375 0.2706569130859375 0.52057189453125 0.27689635546875 0.5229327646484375 0.3578404794921875 0.438953236328125 0.3504206015625 0.434737396484375
0 0.20404664453125 0.539627490234375 0.2106233544921875 0.548227802734375 0.3251255625 0.5089361767578126 0.320403822265625 0.5006731298828125 0.20404664453125 0.539627490234375
0 0.389037693359375 0.44957715234375 0.377570609375 0.4485653505859375 0.3414830205078125 0.55446724609375 0.3489028984375 0.5542986123046875 0.35295010546875 0.554129978515625 0.389037693359375 0.44957715234375
0 0.3833041513671875 0.47908803125 0.3838100517578125 0.4797625654296875 0.3662721591796875 0.588868498046875 0.37504110546875 0.588025330078125 0.39207309765625 0.478750763671875 0.3833041513671875 0.47908803125
0 0.028985146484375 0.49628226953125 0.1208892705078125 0.558140814453125 0.1272518642578125 0.54576910546875 0.032166443359375 0.483910560546875 0.028985146484375 0.49628226953125
0 0.12371708984375 0.5775820712890625 0.1873430224609375 0.6779696533203124 0.1940590927734375 0.671607060546875 0.1322005478515625 0.5701590458984375 0.12371708984375 0.5775820712890625
0 0.371858224609375 0.5683916591796875 0.3814021142578125 0.691401794921875 0.39059252734375 0.6903413623046875 0.382462546875 0.56697775 0.371858224609375 0.5683916591796875
0 0.1686087197265625 0.6055067861328125 0.2492015673828125 0.701299162109375 0.2601593662109375 0.6967039560546875 0.17638522265625 0.6030324443359375 0.1686087197265625 0.6055067861328125
0 0.184515203125 0.632371068359375 0.2428389736328125 0.7384142890625 0.2537967734375 0.730991263671875 0.1926451826171875 0.6277758623046875 0.184515203125 0.632371068359375
0 0.00176738671875 0.7076617548828125 0.095792375 0.774115505859375 0.102861923828125 0.761743796875 0.0021208642578125 0.6924622265625 0.00176738671875 0.7076617548828125
0 0.5114817978515624 0.9218690595703125 0.6203528369140625 0.9204551494140625 0.6161111083984375 0.903488234375 0.51254223046875 0.909850828125 0.5114817978515624 0.9218690595703125
0 0.78966851171875 0.8462248955078125 0.9027812802734375 0.8370344833984374 0.9003069384765625 0.825016251953125 0.792142853515625 0.83562057421875 0.78966851171875 0.8462248955078125
0 0.000744888671875 0.7548896435546875 0.04566059765625 0.7761419091796875 0.047792884765625 0.7641071953125 0 0.7438681201171875 0.000744888671875 0.7548896435546875
0 0 0.7940192294921875 0.047319828125 0.837431041015625 0.0512631474609375 0.8263212607421875 0 0.7889744638671875 0 0.7940192294921875
0 0.0243678896484375 0.3948625234375 0.0008704892578125 0.4051807197265625 0.00115775 0.4158732265625 0.0286361875 0.40521844140625 0.0243678896484375 0.3948625234375
0 0 0.3930867255859375 0.0242344140625 0.3992904111328125 0.024626134765625 0.3900458173828125 0 0.3801686689453125 0 0.3930867255859375