0 0.6968015625 0.043192423828125 0.6999234697265625 0.05549315234375 0.811587568359375 0.01067667578125 0.8058612685546875 0.0024590078125 0.6968015625 0.043192423828125
0 0.7401858369140625 0.2606534423828125 0.768237404296875 0.1337397158203125 0.757345765625 0.1321950458984375 0.726278990234375 0.2602258681640625 0.7401858369140625 0.2606534423828125
0 0.7317209794921875 0.295299462890625 0.720626595703125 0.3007226982421875 0.74283666796875 0.3574833310546875 0.7475241064453125 0.367234681640625 0.7606817294921875 0.359241787109375 0.7317209794921875 0.295299462890625
0 0.741855734375 0.35702618359375 0.6680685126953125 0.330205736328125 0.661511423828125 0.3334556220703125 0.65540859765625 0.338178349609375 0.737497546875 0.3701288203125 0.741855734375 0.35702618359375
0 0.7037007099609375 0.3357134794921875 0.71007569921875 0.2191282373046875 0.702097896484375 0.2199504248046875 0.6918715830078125 0.3322185400390625 0.7037007099609375 0.3357134794921875
0 0.7211286318359375 0.2646859326171875 0.7211632607421875 0.1456001884765625 0.7081649375 0.14811830078125 0.71057490234375 0.2703109931640625 0.7211286318359375 0.2646859326171875
0 0.724635064453125 0.0604516416015625 0.712453048828125 0.05199990625 0.6238732568359375 0.1406163388671875 0.63270165625 0.144730666015625 0.725118291015625 0.060929068359375 0.724635064453125 0.0604516416015625
0 0.709636755859375 0.08045035546875 0.7100277646484375 0.067012251953125 0.5927677021484375 0.0991316923828125 0.5968995068359375 0.1108941533203125 0.709636755859375 0.08045035546875
0 0.4597134912109375 0.36653412890625 0.5852950888671875 0.355948779296875 0.5846472373046875 0.3440443583984375 0.4605442802734375 0.355066576171875 0.4597134912109375 0.36653412890625
0 0.48464698046875 0.1930184140625 0.572792318359375 0.1193332080078125 0.5671529091796875 0.108129294921875 0.47833608203125 0.1878072724609375 0.48464698046875 0.1930184140625
0 0.4197117958984375 0.152415103515625 0.4283374501953125 0.1634973359375 0.5074371611328125 0.0931634140625 0.4960912607421875 0.09014590234375 0.4197117958984375 0.152415103515625
0 0.3571271533203125 0.1847922783203125 0.35673614453125 0.198230380859375 0.47116010546875 0.178157322265625 0.4714642236328125 0.1677054638671875 0.3571271533203125 0.1847922783203125
0 0.2367023974609375 0.39401448046875 0.334589984375 0.3442910615234375 0.3234178662109375 0.3353010595703125 0.2269365107421875 0.3879498837890625 0.2367023974609375 0.39401448046875
0 0.18752240625 0.2732304033203125 0.2006419091796875 0.283632408203125 0.2836889912109375 0.1972298857421875 0.271550421875 0.1872850283203125 0.18752240625 0.2732304033203125
0 0.1263576396484375 0.444742607421875 0.169857947265625 0.333604267578125 0.1591400908203125 0.326087107421875 0.1108997421875 0.446366703125 0.1263576396484375 0.444742607421875
0 0.188682267578125 0.6092345341796875 0.1889544296875 0.49737201953125 0.182556640625 0.4951471220703125 0.1780131826171875 0.61712602734375 0.188682267578125 0.6092345341796875
0 0.768237080078125 0 0.7523893837890625 0.0274369189453125 0.7590141318359375 0.0335893173828125 0.781199779296875 0 0.768237080078125 0
0 0.254253173828125 0 0.2451162578125 0.01779458984375 0.263683693359375 0.0168522001953125 0.268944279296875 0 0.254253173828125 0
0 0.1942763017578125 0 0.180600263671875 0.0164233095703125 0.1872503642578125 0.020471931640625 0.2078170419921875 0 0.1942763017578125 0
0 0.1654004052734375 0.9827571064453124 0.1835775126953125 0.9794650078125 0.1869242412109375 0.8576504609375 0.168150939453125 0.858782595703125 0.1654004052734375 0.9827571064453124