0 0.3266292587890625 0.278761177734375 0.3942077265625 0.2463798291015625 0.386229712890625 0.2379325205078125 0.3219363095703125 0.268436689453125 0.3266292587890625 0.278761177734375
0 0.38763759765625 0.2567043173828125 0.3538483642578125 0.3374230419921875 0.37637451953125 0.3397695166015625 0.392330546875 0.2609279716796875 0.38763759765625 0.2567043173828125
0 0.3632342626953125 0.28861637109375 0.2468491240234375 0.286269896484375 0.2496648935546875 0.298471564453125 0.36698862109375 0.29800226953125 0.3632342626953125 0.28861637109375
0 0.298940859375 0.272191048828125 0.173169822265625 0.282515537109375 0.180678541015625 0.291901435546875 0.30738816796875 0.2820462421875 0.298940859375 0.272191048828125
0 0.1656611044921875 0.2416868798828125 0.2858006015625 0.2665595107421875 0.291432140625 0.2567043173828125 0.1675382841796875 0.2355860458984375 0.1656611044921875 0.2416868798828125
0 0.082595904296875 0.30175662890625 0.0422365419921875 0.19334950390625 0.031870064453125 0.2046174150390625 0.074148595703125 0.306449578125 0.082595904296875 0.30175662890625
0 0.17645488671875 0.38106746875 0.0915125078125 0.28110765234375 0.082126609375 0.28861637109375 0.1642532197265625 0.380598173828125 0.17645488671875 0.38106746875
0 0.110753599609375 0.296594384765625 0.09995981640625 0.297532974609375 0.1262403310546875 0.4153259970703125 0.1379727041015625 0.4139181123046875 0.110753599609375 0.296594384765625
0 0.1440735380859375 0.4373828583984375 0.1370341142578125 0.4458301669921875 0.20836694140625 0.5251410068359375 0.216344955078125 0.508715685546875 0.1440735380859375 0.4373828583984375
0 0.385291123046875 0.5284260712890625 0.379659583984375 0.408755869140625 0.367018703125 0.412473775390625 0.3754359296875 0.5335883154296875 0.385291123046875 0.5284260712890625
0 0.1102843046875 0.50918498046875 0.174108412109375 0.587087935546875 0.18020924609375 0.578640626953125 0.121078087890625 0.500268376953125 0.1102843046875 0.50918498046875
0 0.188187259765625 0.5378119697265625 0.2036739921875 0.6532585185546875 0.2200993134765625 0.6480962744140625 0.20085822265625 0.5340576103515625 0.188187259765625 0.5378119697265625
0 0.3500940048828125 0.680008328125 0.401247150390625 0.7621349375 0.41016375390625 0.755095513671875 0.3627649677734375 0.66874525 0.3500940048828125 0.680008328125
0 0.310673232421875 0.8109416083984375 0.2205686083984375 0.7278764091796875 0.210713416015625 0.7363237177734375 0.301287333984375 0.8175117373046875 0.310673232421875 0.8109416083984375
0 0.371212275390625 0.8484852021484375 0.49792190234375 0.874296421875 0.49041318359375 0.859748279296875 0.380598173828125 0.8376914189453125 0.371212275390625 0.8484852021484375
0 0.6405875556640624 0.797332056640625 0.5232638271484376 0.795454876953125 0.5261332939453125 0.8020546484375 0.6415261455078125 0.8085951337890624 0.6405875556640624 0.797332056640625
0 0.060169515625 0.2437441943359375 0.002932490234375 0.205274345703125 0 0.2179588955078125 0.0510703935546875 0.259903439453125 0.060169515625 0.2437441943359375
0 0.02827104296875 0.743539115234375 0.001840443359375 0.729907615234375 0.0006071171875 0.7401942431640625 0.0271637216796875 0.7520502109375 0.02827104296875 0.743539115234375
0 0.029435638671875 0.806690759765625 0.0008247626953125 0.7841472373046875 0 0.798107115234375 0.026869708984375 0.813277408203125 0.029435638671875 0.806690759765625
0 0.8966615302734375 0.7868570419921875 0.895922203125 0.796828427734375 0.9990234375 0.8142145556640625 0.9990234375 0.8009328896484375 0.8966615302734375 0.7868570419921875