0 0.691410123046875 0 0.676159796875 0.00483422265625 0.677435978515625 0.01133691015625 0.7122536767578125 0 0.691410123046875 0
0 0.5732318583984375 0 0.515344375 0.0767559287109375 0.524904638671875 0.081496326171875 0.5859288896484375 0 0.5732318583984375 0
0 0.5718269833984375 0.156363390625 0.5503035673828125 0.283856060546875 0.5605711845703125 0.2821973330078125 0.5868149169921875 0.1504137607421875 0.5718269833984375 0.156363390625
0 0.5192382890625 0.070338189453125 0.4107247236328125 0.125329517578125 0.41001737109375 0.131728640625 0.522131279296875 0.082578359375 0.5192382890625 0.070338189453125
0 0.5013123203125 0.179690697265625 0.5211535234375 0.2930859150390625 0.5294736044921875 0.28983981640625 0.512110451171875 0.173232626953125 0.5013123203125 0.179690697265625
0 0.5794605634765625 0.332181099609375 0.51565995703125 0.24675430859375 0.5122977158203125 0.2579651865234375 0.57208477734375 0.336487513671875 0.5794605634765625 0.332181099609375
0 0.5761595849609376 0.3620436826171875 0.4834487724609375 0.317287392578125 0.479732275390625 0.3269015927734375 0.57291465625 0.3673917978515625 0.5761595849609376 0.3620436826171875
0 0.5488969716796875 0.3638016865234375 0.4433249169921875 0.34416758203125 0.4371887353515625 0.3516642529296875 0.5447083271484375 0.3728857275390625 0.5488969716796875 0.3638016865234375
0 0.4419697373046875 0.3612288125 0.441437484375 0.3516394326171875 0.3192281640625 0.3624787314453125 0.31987830859375 0.37100158984375 0.4419697373046875 0.3612288125
0 0.46719690625 0.1186046376953125 0.360162205078125 0.2034306259765625 0.3629956689453125 0.211407814453125 0.472036853515625 0.1276359375 0.46719690625 0.1186046376953125
0 0.4435947412109375 0.1352629091796875 0.3205636513671875 0.18234530078125 0.325285705078125 0.1924431220703125 0.4445991396484375 0.1453824482421875 0.4435947412109375 0.1352629091796875
0 0.097039712890625 0.2454692939453125 0.072386365234375 0.353262353515625 0.08147390234375 0.3526763515625 0.11067130859375 0.2469884130859375 0.097039712890625 0.2454692939453125
0 0.11820784765625 0.5965373251953126 0.1264562392578125 0.4883071806640625 0.1123351982421875 0.4867956220703125 0.1086487421875 0.6013894091796875 0.11820784765625 0.5965373251953126
0 0.0844605908203125 0.652157732421875 0.0780435810546875 0.7774304921875 0.089609169921875 0.7736325185546875 0.0952009345703125 0.655825404296875 0.0844605908203125 0.652157732421875
0 0.962473900390625 0.04760146875 0.98753514453125 0.123750361328125 0.989243439453125 0.1012061923828125 0.9749924892578125 0.039416212890625 0.962473900390625 0.04760146875
0 0.3164837646484375 0 0.2867476875 0.0353338818359375 0.296852294921875 0.03930991015625 0.3301192548828125 0 0.3164837646484375 0
0 0.2561964833984375 0 0.24121096484375 0.028874798828125 0.2487056279296875 0.028831017578125 0.263722935546875 0 0.2561964833984375 0
0 0.20537299609375 0 0.18569626953125 0.0205625126953125 0.19087615234375 0.024815662109375 0.2136919033203125 0 0.20537299609375 0
0 0.963755140625 0.257410748046875 0.9769123408203125 0.263938259765625 0.9781726484375 0.2473061279296875 0.97008416796875 0.2436434404296875 0.963755140625 0.257410748046875