0 0.1724266318359375 0.3795866865234375 0.3008162470703125 0.3907510009765625 0.2958543291015625 0.380827166015625 0.1724266318359375 0.3696628515625 0.1724266318359375 0.3795866865234375
0 0.0012404794921875 0.38020692578125 0.075049001953125 0.429205861328125 0.0812513984375 0.4211427451171875 0.0006202392578125 0.3715235703125 0.0012404794921875 0.38020692578125
0 0.068226365234375 0.4143201083984375 0.1178455400390625 0.5185203759765625 0.1290098544921875 0.51665965625 0.0781502001953125 0.411839150390625 0.068226365234375 0.4143201083984375
0 0.1240479365234375 0.4782047958984375 0.204679095703125 0.57186098828125 0.2139826904296875 0.5644181123046875 0.1333515322265625 0.47138216015625 0.1240479365234375 0.4782047958984375
0 0.1376932099609375 0.49060958984375 0.171806392578125 0.5972908154296875 0.1860719052734375 0.5960503359375 0.151338482421875 0.4899893505859375 0.1376932099609375 0.49060958984375
0 0.1947552607421875 0.448433291015625 0.31260080078125 0.4174213076171875 0.3088793623046875 0.4105986708984375 0.1897933427734375 0.4366487373046875 0.1947552607421875 0.448433291015625
0 0.3578782978515625 0.3702830908203125 0.2561589892578125 0.429205861328125 0.2648423447265625 0.4366487373046875 0.3640806943359375 0.3777259677734375 0.3578782978515625 0.3702830908203125
0 0.3944724384765625 0.3615997353515625 0.382687884765625 0.358498537109375 0.3287270322265625 0.444711853515625 0.3423723056640625 0.448433291015625 0.3814474052734375 0.383308125 0.3944724384765625 0.3615997353515625
0 0.3820676455078125 0.383308125 0.367181892578125 0.4583571259765625 0.375865248046875 0.4633190439453125 0.3926117197265625 0.383308125 0.3820676455078125 0.383308125
0 0.3715235703125 0.503634623046875 0.3771057275390625 0.6252016015625 0.3882700419921875 0.6233408818359375 0.378966447265625 0.5023941435546875 0.3715235703125 0.503634623046875
0 0.1432753671875 0.8441462099609375 0.2319696416015625 0.8745379541015625 0.2319696416015625 0.862753400390625 0.1451360859375 0.8305009365234375 0.1432753671875 0.8441462099609375
0 0.2766268994140625 0.7548316953125 0.3715235703125 0.8187163828125 0.3696628515625 0.8081723076171875 0.28344953515625 0.7449078603515625 0.2766268994140625 0.7548316953125
0 0.398193876953125 0.8503486064453125 0.510457259765625 0.8565510029296876 0.5154191767578125 0.8416652509765625 0.3994343564453125 0.8391842919921875 0.398193876953125 0.8503486064453125
0 0.7002506025390625 0.845386689453125 0.8236782998046875 0.850968845703125 0.821197341796875 0.8379438125 0.6990101240234375 0.8348426142578125 0.7002506025390625 0.845386689453125
0 0 0.799819474609375 0.0365136513671875 0.826963771484375 0.0400050947265625 0.8213541611328125 0 0.7876435498046875 0 0.799819474609375
0 0.037918701171875 0.7569725068359375 0.0009037509765625 0.7338456640625 0 0.749121171875 0.035793474609375 0.7653180810546875 0.037918701171875 0.7569725068359375
0 0.0291742060546875 0.6737391748046875 0.0009037509765625 0.6507005888671875 0 0.6625835 0.025410931640625 0.6824095341796875 0.0291742060546875 0.6737391748046875
0 0.0014475595703125 0.231127056640625 0.0211912958984375 0.2919000673828125 0.0267534697265625 0.2885978212890625 0.0003543505859375 0.2063658662109375 0.0014475595703125 0.231127056640625
0 0 0.24705021484375 0.0098916591796875 0.268791884765625 0.0169372041015625 0.2646923505859375 0 0.2307802451171875 0 0.24705021484375