0 0.120188517578125 0.3684591748046875 0.24257741796875 0.36807674609375 0.2392439482421875 0.36085158203125 0.1194179912109375 0.36284804296875 0.120188517578125 0.3684591748046875
0 0 0.40274523828125 0.016043427734375 0.40823838671875 0.016439916015625 0.401653564453125 0 0.395722705078125 0 0.40274523828125
0 0 0.3843236513671875 0.0533110634765625 0.4630328349609375 0.0600488271484375 0.4615805673828125 0 0.3720309873046875 0 0.3843236513671875
0 0.2529613515625 0.3723379404296875 0.1410436455078125 0.4123481708984375 0.14891301171875 0.4178735107421875 0.14940625 0.4170450458984375 0.256030494140625 0.3839529853515625 0.2529613515625 0.3723379404296875
0 0.2153041728515625 0.405007767578125 0.3190527734375 0.37181337890625 0.316080380859375 0.365954689453125 0.213992033203125 0.3973469248046875 0.2153041728515625 0.405007767578125
0 0.2870242080078125 0.3772725576171875 0.334004544921875 0.32598372265625 0.3310675634765625 0.3121737353515625 0.2808634716796875 0.3728232412109375 0.2870242080078125 0.3772725576171875
0 0.0631274599609375 0.44358536328125 0.1604838681640625 0.5128699443359375 0.1638881630859375 0.504192513671875 0.0694557734375 0.43788844140625 0.0631274599609375 0.44358536328125
0 0.1404900009765625 0.550398412109375 0.084604515625 0.4440112265625 0.07392084375 0.4520912119140625 0.136099228515625 0.5607327744140626 0.1404900009765625 0.550398412109375
0 0.2524440498046875 0.6533663173828125 0.167180203125 0.589418953125 0.161657830078125 0.5927757080078125 0.2535756513671875 0.660343923828125 0.2524440498046875 0.6533663173828125
0 0.2497429287109375 0.7239972021484375 0.1681606640625 0.6578120009765624 0.1611585751953125 0.663654150390625 0.24813105078125 0.728677537109375 0.2497429287109375 0.7239972021484375
0 0.316092662109375 0.789132736328125 0.2601717646484375 0.6906968486328126 0.251544833984375 0.6903898544921875 0.3100770498046875 0.793317955078125 0.316092662109375 0.789132736328125
0 0.4018159453125 0.5987837958984376 0.3659148408203125 0.4844783916015625 0.355940357421875 0.4844618525390625 0.3930568525390625 0.6006717431640625 0.4018159453125 0.5987837958984376
0 0.3376706220703125 0.423406115234375 0.3436792890625 0.3383414423828125 0.336074248046875 0.328426220703125 0.32971746875 0.4229538955078125 0.3376706220703125 0.423406115234375
0 0.10689979296875 0.865274970703125 0.079935775390625 0.8602545634765625 0.0825954677734375 0.8676249541015625 0.1073576181640625 0.8723978037109374 0.10689979296875 0.865274970703125
0 0.0765539306640625 0.8501512197265625 0.1309881669921875 0.8701930478515625 0.128821712890625 0.86199419140625 0.0732204619140625 0.8429260556640625 0.0765539306640625 0.8501512197265625
0 0.0945239267578125 0.92354813671875 0.1268911181640625 0.93823620703125 0.12692653125 0.9302849091796875 0.091815859375 0.91329956640625 0.0945239267578125 0.92354813671875
0 0.450558619140625 0.8937477529296874 0.5558741982421875 0.893434576171875 0.55982010546875 0.886806859375 0.450413494140625 0.885113216796875 0.450558619140625 0.8937477529296874
0 0.679703927734375 0.858078326171875 0.78941027734375 0.8474307880859375 0.7877854365234375 0.841281646484375 0.679065564453125 0.8502722548828126 0.679703927734375 0.858078326171875
0 0.72455322265625 0.7906393369140625 0.8423319267578125 0.767419603515625 0.8380119814453125 0.7618513671875 0.725262412109375 0.7825428134765625 0.72455322265625 0.7906393369140625