0 0.176478794921875 0.37109375 0.2964564736328125 0.3829520087890625 0.2957589287109375 0.3787667412109375 0.1771763388671875 0.365513392578125 0.176478794921875 0.37109375
0 0 0.2197265625 0.0167410712890625 0.2783203125 0.0222365458984375 0.275267271484375 0.000697544921875 0.2085658486328125 0 0.2197265625
0 0.0795200888671875 0.414341517578125 0.0027901787109375 0.3676060263671875 0 0.3731863837890625 0.078125 0.4185267861328125 0.0795200888671875 0.414341517578125
0 0.117885044921875 0.5078125 0.1241629462890625 0.5078125 0.077427455078125 0.4031808037109375 0.069056919921875 0.4031808037109375 0.117885044921875 0.5078125
0 0.2071707587890625 0.5531529013671875 0.126953125 0.463169642578125 0.121372767578125 0.4638671875 0.2001953125 0.556640625 0.2071707587890625 0.5531529013671875
0 0.196010044921875 0.4331752236328125 0.306919642578125 0.409458705078125 0.303431919921875 0.404575892578125 0.1918247763671875 0.4275948662109375 0.196010044921875 0.4331752236328125
0 0.264369419921875 0.425502232421875 0.3627232138671875 0.3724888388671875 0.3592354912109375 0.3641183037109375 0.2553013388671875 0.4248046875 0.264369419921875 0.425502232421875
0 0.341796875 0.4359654013671875 0.3920200888671875 0.3543526787109375 0.3843470986328125 0.350864955078125 0.3306361611328125 0.4345703125 0.341796875 0.4359654013671875
0 0.3724888388671875 0.4673549111328125 0.390625 0.3836495537109375 0.3843470986328125 0.3787667412109375 0.3634207587890625 0.468052455078125 0.3724888388671875 0.4673549111328125
0 0.386439732421875 0.6201171875 0.380161830078125 0.5015345986328125 0.371791294921875 0.4994419638671875 0.380161830078125 0.6215122763671875 0.386439732421875 0.6201171875
0 0.1918247763671875 0.630580357421875 0.1478794638671875 0.4847935263671875 0.13671875 0.4833984375 0.1778738837890625 0.6375558037109375 0.1918247763671875 0.630580357421875
0 0.3487723212890625 0.800083705078125 0.267857142578125 0.726841517578125 0.258091517578125 0.726841517578125 0.3404017861328125 0.806361607421875 0.3487723212890625 0.800083705078125
0 0.0209263388671875 0.6675502236328125 0.0013950888671875 0.6529017861328125 0.000697544921875 0.6591796875 0.01953125 0.673130580078125 0.0209263388671875 0.6675502236328125
0 0.219029017578125 0.8607700888671875 0.1297433037109375 0.8321707587890625 0.126953125 0.8377511162109375 0.215541294921875 0.8663504462890625 0.219029017578125 0.8607700888671875
0 0.3529575888671875 0.8314732138671875 0.4638671875 0.8558872763671875 0.4652622763671875 0.848911830078125 0.3501674111328125 0.8251953125 0.3529575888671875 0.8314732138671875
0 0.6605747763671875 0.844029017578125 0.7749720986328125 0.8468191962890625 0.775669642578125 0.83984375 0.6612723212890625 0.8370535712890625 0.6605747763671875 0.844029017578125
0 0.0020926337890625 0.796595982421875 0.033482142578125 0.8231026787109375 0.0355747763671875 0.8168247763671875 0 0.7889229912109375 0.0020926337890625 0.796595982421875
0 0.0020926337890625 0.742885044921875 0.0034877236328125 0.7491629462890625 0.033482142578125 0.7554408486328125 0.0020926337890625 0.742885044921875