0 0.161364630859375 0.30838573828125 0.293444568359375 0.33348690234375 0.292846921875 0.3209363203125 0.166743451171875 0.30001868359375 0.161364630859375 0.30838573828125
0 0.3890680537109375 0.2904563349609375 0.324522201171875 0.3603810078125 0.3304986689453125 0.3705410029296875 0.399228048828125 0.3030069169921875 0.3890680537109375 0.2904563349609375
0 0.3830915859375 0.317350439453125 0.3550021865234375 0.4141692177734375 0.3705410029296875 0.4105833369140625 0.3974351083984375 0.3179480869140625 0.3830915859375 0.317350439453125
0 0.2593787021484375 0.371736296875 0.3615763017578125 0.3406586640625 0.35320924609375 0.3310963154296875 0.2516092939453125 0.3585880673828125 0.2593787021484375 0.371736296875
0 0.1834775615234375 0.371138650390625 0.3059951513671875 0.3508186591796875 0.3024092705078125 0.3424516044921875 0.1840752080078125 0.3615763017578125 0.1834775615234375 0.371138650390625
0 0.048409388671875 0.307788091796875 0.0884517236328125 0.418950392578125 0.1015999521484375 0.411180984375 0.0543858564453125 0.3024092705078125 0.048409388671875 0.307788091796875
0 0.1004046591796875 0.38847040625 0.1798916806640625 0.4721409560546875 0.1918446162109375 0.463773900390625 0.107576419921875 0.37293158984375 0.1004046591796875 0.38847040625
0 0.1129552412109375 0.3980327548828125 0.1440328740234375 0.507402115234375 0.158376396484375 0.5079997626953126 0.1267011171875 0.392056287109375 0.1129552412109375 0.3980327548828125
0 0.3669551220703125 0.459590373046875 0.37591982421875 0.5839009033203125 0.3896657001953125 0.5844985498046875 0.3812986455078125 0.4571997861328125 0.3669551220703125 0.459590373046875
0 0.175110505859375 0.5791197294921875 0.2474257666015625 0.6598020439453125 0.2587810556640625 0.6520326357421875 0.1858681484375 0.5713503212890625 0.175110505859375 0.5791197294921875
0 0.1757081533203125 0.6532279296875 0.24623047265625 0.73331259765625 0.2545975283203125 0.7267384833984375 0.18168462109375 0.645458521484375 0.1757081533203125 0.6532279296875
0 0.0328705732421875 0.7685737578125 0.103392892578125 0.80383491796875 0.1069787734375 0.7912843359375 0.035858806640625 0.756620822265625 0.0328705732421875 0.7685737578125
0 0.2719292841796875 0.7518396484375 0.368150416015625 0.835510197265625 0.3687480625 0.8181784404296875 0.2838822197265625 0.739886712890625 0.2719292841796875 0.7518396484375
0 0.64605616796875 0.8695760634765625 0.7655855244140625 0.8671854765625 0.7584137626953125 0.8528419541015625 0.6400797001953125 0.8564278349609376 0.64605616796875 0.8695760634765625
0 0.8492560732421875 0.8062255048828125 0.9723713095703125 0.80383491796875 0.9669924892578124 0.7966631572265624 0.846865486328125 0.7972608037109375 0.8492560732421875 0.8062255048828125
0 0 0.799702974609375 0.0261346376953125 0.8226038798828125 0.0329233603515625 0.8112893427734374 0 0.7844557099609375 0 0.799702974609375
0 0 0.7422441923828125 0.0324432421875 0.7572266865234375 0.038472955078125 0.755743970703125 0 0.7320381630859375 0 0.7422441923828125
0 0.073962826171875 0.3350620859375 0.0011438095703125 0.2905841298828125 0 0.3055383818359375 0.0679931279296875 0.344360833984375 0.073962826171875 0.3350620859375
0 0.019444763671875 0.208042732421875 0.0036150029296875 0.155445140625 0 0.1754476884765625 0.012373619140625 0.208042732421875 0.019444763671875 0.208042732421875
0 0.88927668359375 0.8436160859375 0.8884682509765625 0.8623406728515625 0.9943059443359376 0.8738776171875 0.9940094013671875 0.8634915439453125 0.88927668359375 0.8436160859375