0 0 0.8485313544921875 0.08924323046875 0.9059780927734375 0.098089541015625 0.895653857421875 0 0.8347457861328125 0 0.8485313544921875
0 0.180033796875 0.9491225380859375 0.094489642578125 0.8733295205078125 0.0872082490234375 0.8892041689453125 0.1594523896484375 0.9464938095703125 0.180033796875 0.9491225380859375
0 0.207584796875 0.95388330078125 0.1866868603515625 0.8927941904296876 0.176559841796875 0.8933635126953124 0.1917113447265625 0.951446341796875 0.207584796875 0.95388330078125
0 0 0.5812074404296875 0.021389533203125 0.5445591650390625 0.012542041015625 0.5357666328125 0 0.557988259765625 0 0.5812074404296875
0 0.1208155224609375 0.3872431845703125 0.017613435546875 0.4329970458984375 0.018396484375 0.44533063671875 0.12377506640625 0.40469006640625 0.1208155224609375 0.3872431845703125
0 0.2980880107421875 0.490394130859375 0.1669620234375 0.481414455078125 0.170703435546875 0.4920781611328125 0.29569924609375 0.502771787109375 0.2980880107421875 0.490394130859375
0 0.2690980361328125 0.4466482646484375 0.3314165869140625 0.5417092880859375 0.339153658203125 0.534400857421875 0.28306481640625 0.4371101455078125 0.2690980361328125 0.4466482646484375
0 0.34102446484375 0.4263607568359375 0.35768687890625 0.5367151396484375 0.3722940126953125 0.5320544765625 0.372080560546875 0.530428658203125 0.35348387890625 0.4219013837890625 0.34102446484375 0.4263607568359375
0 0.2050909921875 0.417705046875 0.3114995791015625 0.4728055302734375 0.31390273046875 0.4630851640625 0.2100543779296875 0.4083777392578125 0.2050909921875 0.417705046875
0 0.3661902490234375 0.500849474609375 0.380513173828125 0.500393310546875 0.3832090087890625 0.393541904296875 0.375528306640625 0.39236273046875 0.3661902490234375 0.500849474609375
0 0.4238107041015625 0.2951650478515625 0.4102840322265625 0.2914953271484375 0.3721298359375 0.407240453125 0.3873209541015625 0.415944853515625 0.4238107041015625 0.2951650478515625
0 0.2010007294921875 0.2859160791015625 0.12392978515625 0.37656995703125 0.1306007822265625 0.380249197265625 0.213702369140625 0.2883971044921875 0.2010007294921875 0.2859160791015625
0 0.1752460302734375 0.3483391396484375 0.1812346923828125 0.3582858212890625 0.2811342958984375 0.269543646484375 0.2667117529296875 0.2687501484375 0.1752460302734375 0.3483391396484375
0 0.2691414013671875 0.2278762275390625 0.1953849658203125 0.3259421748046875 0.204616197265625 0.33001447265625 0.2783870205078125 0.2346058173828125 0.2691414013671875 0.2278762275390625
0 0.03565037890625 0.2302628671875 0.1372731630859375 0.1763012978515625 0.133347076171875 0.1693263544921875 0.0418932919921875 0.2115737041015625 0.03565037890625 0.2302628671875
0 0.62730579296875 0.0821390029296875 0.5170166455078125 0.0662689765625 0.515040396484375 0.0792409814453125 0.622271650390625 0.097296626953125 0.62730579296875 0.0821390029296875
0 0.7809809599609375 0.1737019453125 0.7755343017578125 0.18826522265625 0.8825101220703125 0.2158399453125 0.8834766650390625 0.2053680068359375 0.7809809599609375 0.1737019453125
0 0.046974693359375 0.1715846259765625 0.096522478515625 0.1566225234375 0.0962652470703125 0.150292669921875 0.049208564453125 0.1600095654296875 0.046974693359375 0.1715846259765625
0 0.059198486328125 0.1281464873046875 0.103815890625 0.1014398251953125 0.103130333984375 0.092443017578125 0.0578090283203125 0.1154452705078125 0.059198486328125 0.1281464873046875
0 0.96330663671875 0.2183151484375 0.99588625 0.212401328125 0.9961436806640624 0.197653134765625 0.9545177216796875 0.2044586484375 0.96330663671875 0.2183151484375