0 0.926308818359375 0.531177021484375 0.99091203125 0.432844083984375 0.976342060546875 0.4300499658203125 0.913239224609375 0.530594673828125 0.926308818359375 0.531177021484375
0 0.8232853466796874 0.5758624541015624 0.9181677802734375 0.50198658984375 0.913077111328125 0.4914927587890625 0.8188107470703125 0.5617926123046875 0.8232853466796874 0.5758624541015624
0 0.85632016796875 0.6170868681640626 0.9075855478515625 0.5088077919921875 0.893118255859375 0.5054176708984375 0.8392363037109375 0.6143237314453125 0.85632016796875 0.6170868681640626
0 0.63836118359375 0.3533311689453125 0.689463408203125 0.4316526201171875 0.701251248046875 0.4251139296875 0.64654546484375 0.342227681640625 0.63836118359375 0.3533311689453125
0 0.734690412109375 0.4093873583984375 0.863372583984375 0.415979080078125 0.8632202900390625 0.402302021484375 0.737449458984375 0.3970125771484375 0.734690412109375 0.4093873583984375
0 0.719553986328125 0.424442310546875 0.82900587109375 0.466211787109375 0.842807478515625 0.4589048583984375 0.726443248046875 0.40993505078125 0.719553986328125 0.424442310546875
0 0.7678146455078125 0.453733037109375 0.77226616015625 0.446095287109375 0.67423119921875 0.389019330078125 0.6665337763671875 0.4045773388671875 0.7678146455078125 0.453733037109375
0 0.6591640283203125 0.469197056640625 0.6483504306640625 0.3717935693359375 0.636794478515625 0.3697057255859375 0.644696736328125 0.465806935546875 0.6591640283203125 0.469197056640625
0 0.6107004189453125 0.6376586552734375 0.6454218564453125 0.5162019013671875 0.6272350625 0.5125602529296875 0.59543823046875 0.631602017578125 0.6107004189453125 0.6376586552734375
0 0.72830316015625 0.734043419921875 0.8113844892578125 0.6704235107421875 0.805614869140625 0.6529498974609375 0.72231491796875 0.7214790732421875 0.72830316015625 0.734043419921875
0 0.724523703125 0.806945197265625 0.8091186748046875 0.7418197939453125 0.8060285078125 0.7342749892578125 0.7126995146484375 0.7954935615234375 0.724523703125 0.806945197265625
0 0.60782438671875 0.8800491474609375 0.70128258984375 0.8108000419921875 0.691485435546875 0.7948629033203125 0.5987327138671875 0.86365726171875 0.60782438671875 0.8800491474609375
0 0.8499363642578125 0.9126008076171875 0.9292416826171875 0.8927405546875 0.9285759970703125 0.882043505859375 0.854298466796875 0.9018417939453125 0.8499363642578125 0.9126008076171875
0 0.22045976171875 0.83516262109375 0.3357873916015625 0.86466758984375 0.33945727734375 0.8506460576171875 0.22211587890625 0.821909328125 0.22045976171875 0.83516262109375
0 0.015526607421875 0.7251344091796875 0.1367928623046875 0.7529306650390625 0.140436216796875 0.7463436640625 0.0229159951171875 0.71136440625 0.015526607421875 0.7251344091796875
0 0.1135350380859375 0.7896448974609375 0.0044702724609375 0.7683745673828125 0.0045488046875 0.7818731201171875 0.10877548828125 0.79907065234375 0.1135350380859375 0.7896448974609375
0 1 0.4442547099609375 0.951720017578125 0.46045804296875 0.9595631962890625 0.473090095703125 1 0.458408875 1 0.4442547099609375
0 0.9510545927734375 0.86954066015625 0.917066287109375 0.8746324501953125 0.9169493642578125 0.8894501669921875 0.9489812705078124 0.88573524609375 0.9510545927734375 0.86954066015625
0 0.9449033515625 0.9234993232421875 0.9086237138671875 0.940072765625 0.913798609375 0.9513834853515625 0.94125344140625 0.937570466796875 0.9449033515625 0.9234993232421875