0 0.9318700068359375 0.9277554111328125 0.9790710703125 0.8991921640625 0.9791954140625 0.8938498212890625 0.921873595703125 0.927231826171875 0.9318700068359375 0.9277554111328125
0 0.7038323388671875 0.549220609375 0.8218644306640625 0.5429272138671875 0.82136176953125 0.534659083984375 0.70292653125 0.5433022939453125 0.7038323388671875 0.549220609375
0 0.89361135546875 0.463476806640625 0.9882518720703125 0.5047474921875 0.9884950625 0.4942990068359375 0.898874603515625 0.4579945107421875 0.89361135546875 0.463476806640625
0 0.9031548623046874 0.461041234375 0.835821794921875 0.364991822265625 0.83152782421875 0.371823251953125 0.89595305859375 0.46382526171875 0.9031548623046874 0.461041234375
0 0.8451200439453125 0.4157764072265625 0.7518738818359375 0.34478866015625 0.7511808115234375 0.350228076171875 0.840083248046875 0.42273828125 0.8451200439453125 0.4157764072265625
0 0.6862721142578125 0.52419640625 0.79665458984375 0.472906296875 0.78791737890625 0.4706422431640625 0.6865122783203125 0.51579783203125 0.6862721142578125 0.52419640625
0 0.6523234951171875 0.57649803125 0.7214885517578125 0.5050977431640625 0.72030653515625 0.492390876953125 0.6454116123046875 0.576192455078125 0.6523234951171875 0.57649803125
0 0.6223068359375 0.594683580078125 0.6528998115234375 0.4905538125 0.6454217978515625 0.4865492890625 0.6110649384765625 0.586022310546875 0.6223068359375 0.594683580078125
0 0.6175015849609375 0.558303451171875 0.617185806640625 0.456562763671875 0.6113564267578125 0.4583461123046875 0.610879623046875 0.5549082724609375 0.6175015849609375 0.558303451171875
0 0.8210373720703125 0.3979749677734375 0.732294392578125 0.2517485107421875 0.7218313662109375 0.258143919921875 0.8191983291015625 0.405894642578125 0.8210373720703125 0.3979749677734375
0 0.605418525390625 0.0856298837890625 0.7043001328125 0.0887768154296875 0.7005997177734375 0.07955088671875 0.603316986328125 0.07688285546875 0.605418525390625 0.0856298837890625
0 0.3975217724609375 0.1775939658203125 0.4954615283203125 0.15963545703125 0.497413796875 0.152455572265625 0.39096328125 0.1696296064453125 0.3975217724609375 0.1775939658203125
0 0.2235513076171875 0.192191146484375 0.332859900390625 0.17375554296875 0.3283531904296875 0.1692292421875 0.2238412294921875 0.18910154296875 0.2235513076171875 0.192191146484375
0 0 0.247007166015625 0.02118539453125 0.250518052734375 0.0190838564453125 0.2417710234375 0 0.2394457490234375 0 0.247007166015625
0 0.95493795703125 0.2362007548828125 0.90361090234375 0.214827201171875 0.903660658203125 0.220136171875 0.956409896484375 0.2458180185546875 0.95493795703125 0.2362007548828125
0 0.93789919921875 0.1647449443359375 0.90333978515625 0.163217068359375 0.903905916015625 0.166916015625 0.9452005166015625 0.1725788603515625 0.93789919921875 0.1647449443359375
0 0.9376778408203125 0.118443783203125 0.898172525390625 0.09955229296875 0.8919399990234375 0.1036854541015625 0.9360652509765625 0.1278430361328125 0.9376778408203125 0.118443783203125
0 0.5714416806640625 0.3394936884765625 0.599835498046875 0.4532562255859375 0.612589185546875 0.449454115234375 0.5822670458984375 0.328217791015625 0.5714416806640625 0.3394936884765625