0 0.0403574033203125 0.2922854365234375 0.086829564453125 0.4041855087890625 0.099670556640625 0.406631412109375 0.055032822265625 0.292896912109375 0.0403574033203125 0.2922854365234375
0 0.099670556640625 0.3772805732421875 0.1797738876953125 0.47205932421875 0.18650012109375 0.45921833203125 0.106396791015625 0.3681084365234375 0.099670556640625 0.3772805732421875
0 0.1088426943359375 0.3864527109375 0.140639435546875 0.505079017578125 0.1577607587890625 0.50630196875 0.12351811328125 0.3864527109375 0.1088426943359375 0.3864527109375
0 0.334477267578125 0.3607707265625 0.397459275390625 0.2953428154296875 0.391344517578125 0.2825018232421875 0.3240821787109375 0.35159858984375 0.334477267578125 0.3607707265625
0 0.16754437109375 0.3051264287109375 0.29411986328125 0.3283625087890625 0.2935083876953125 0.3155215166015625 0.1699902744140625 0.2916739609375 0.16754437109375 0.3051264287109375
0 0.1926148798828125 0.362605154296875 0.3063493798828125 0.346706783203125 0.302069048828125 0.330808412109375 0.18038536328125 0.3522100654296875 0.1926148798828125 0.362605154296875
0 0.2513165576171875 0.355878919921875 0.2543739365234375 0.36443958203125 0.361382203125 0.3393690732421875 0.356490396484375 0.3222477509765625 0.2513165576171875 0.355878919921875
0 0.384618283203125 0.3112411865234375 0.35771334765625 0.4047969853515625 0.372388767578125 0.4047969853515625 0.3962363232421875 0.311852662109375 0.384618283203125 0.3112411865234375
0 0.3632166298828125 0.454326525390625 0.37666909765625 0.5821249697265625 0.39256746875 0.57967906640625 0.381560904296875 0.4549380009765625 0.3632166298828125 0.454326525390625
0 0.175493556640625 0.568061025390625 0.245813275390625 0.6499987841796875 0.2537624599609375 0.6389922197265625 0.18405421875 0.5521626552734376 0.175493556640625 0.568061025390625
0 0.1657099443359375 0.6389922197265625 0.23725261328125 0.7227644052734375 0.2507050810546875 0.714203744140625 0.1699902744140625 0.6322659853515625 0.1657099443359375 0.6389922197265625
0 0.2592657431640625 0.7319365419921875 0.33875759765625 0.821823486328125 0.3503756376953125 0.80775954296875 0.2714952587890625 0.71848407421875 0.2592657431640625 0.7319365419921875
0 0.0232360810546875 0.7600644296875 0.0972246533203125 0.7979759296875 0.09477875 0.7863578896484374 0.025681984375 0.7496693408203124 0.0232360810546875 0.7600644296875
0 0.606584001953125 0.869518599609375 0.723987357421875 0.8670726962890625 0.7245988330078125 0.853620228515625 0.6053610498046875 0.8548431796875 0.606584001953125 0.869518599609375
0 0.8193775830078125 0.8053136396484375 0.942284220703125 0.805925115234375 0.9373924140625 0.7906382197265625 0.8169316796875 0.7979759296875 0.8193775830078125 0.8053136396484375
0 0.83894480859375 0.8572890830078125 0.94656455078125 0.86462679296875 0.94717602734375 0.8511743251953126 0.8358874296875 0.846893994140625 0.83894480859375 0.8572890830078125
0 0.0739320947265625 0.3285736875 0.00228706640625 0.2847397412109375 0 0.2978635703125 0.064162927734375 0.339218373046875 0.0739320947265625 0.3285736875
0 0.038149107421875 0.7450206337890625 0.0058649814453125 0.7321451669921875 0.0051662236328125 0.7485946064453125 0.0357740947265625 0.7596601767578125 0.038149107421875 0.7450206337890625
0 0.0353884423828125 0.8115056953125 0.0027988486328125 0.7867780791015625 0.0039939912109375 0.8014978076171875 0.0284428681640625 0.8214639443359375 0.0353884423828125 0.8115056953125