0 0.302859470703125 0 0.26636532421875 0.080538806640625 0.2713989990234375 0.0876698466796875 0.3158631318359375 0 0.302859470703125 0
0 0.181212314453125 0.0792803876953125 0.1824707333984375 0.092284048828125 0.280207931640625 0.03397730859375 0.27265741796875 0.025587849609375 0.181212314453125 0.0792803876953125
0 0.1841486259765625 0.0725688203125 0.1795344228515625 0.063759888671875 0.0645988349609375 0.1157745341796875 0.0738272392578125 0.1233250478515625 0.1841486259765625 0.0725688203125
0 0.0041947294921875 0.31712155078125 0.0406888759765625 0.4123419111328125 0.04949780859375 0.4102445458984375 0.0146815537109375 0.316702078125 0.0041947294921875 0.31712155078125
0 0 0.3095710380859375 0.031040998046875 0.391368263671875 0.0373330927734375 0.3875930068359375 0 0.297406322265625 0 0.3095710380859375
0 0.186245990234375 0.486169150390625 0.3104099833984375 0.4953975556640625 0.3091515654296875 0.4878470419921875 0.1875044091796875 0.4781991640625 0.186245990234375 0.486169150390625
0 0.03313836328125 0.5159517294921875 0.12793925 0.580131091796875 0.1312950341796875 0.57216110546875 0.03859151171875 0.5067233251953125 0.03313836328125 0.5159517294921875
0 0.3431288740234375 0.45051394921875 0.269301634765625 0.53860326953125 0.280207931640625 0.5427979990234375 0.3594883193359375 0.4492555302734375 0.3431288740234375 0.45051394921875
0 0.3204773349609375 0.519307513671875 0.2097364755859375 0.5595769169921875 0.214350677734375 0.569644267578125 0.3242525908203125 0.525599607421875 0.3204773349609375 0.519307513671875
0 0.37710618359375 0.4685512861328125 0.3435483466796875 0.575516888671875 0.353196224609375 0.57845319921875 0.3880124794921875 0.4710681240234375 0.37710618359375 0.4685512861328125
0 0.3821398583984375 0.50043123046875 0.3687167236328125 0.60529946875 0.37794512890625 0.607816306640625 0.391787736328125 0.5016896494140625 0.3821398583984375 0.50043123046875
0 0.374589345703125 0.5792921455078125 0.3817203857421875 0.7013587744140625 0.3905293173828125 0.703456138671875 0.3829788046875 0.5792921455078125 0.374589345703125 0.5792921455078125
0 0.13926501953125 0.616205765625 0.2122533134765625 0.7147819091796875 0.2156090966796875 0.7068119228515625 0.1480739521484375 0.603202103515625 0.13926501953125 0.616205765625
0 0.1816317880859375 0.6388573046875 0.26636532421875 0.735755556640625 0.2713989990234375 0.7235908408203126 0.185826517578125 0.6241757509765625 0.1816317880859375 0.6388573046875
0 0.19379650390625 0.6627672626953125 0.26091217578125 0.76721602734375 0.269301634765625 0.758407095703125 0.2072196376953125 0.6568946416015625 0.19379650390625 0.6627672626953125
0 0.0163594453125 0.729882935546875 0.11116033203125 0.7844144189453125 0.1178718994140625 0.7785417978515625 0.024329431640625 0.7177182197265625 0.0163594453125 0.729882935546875
0 0.00041947265625 0.7013587744140625 0.00041947265625 0.7147819091796875 0.074666185546875 0.7680549736328125 0.0822166982421875 0.758407095703125 0.00041947265625 0.7013587744140625
0 0.71797248828125 0.910884896484375 0.613871357421875 0.91218616015625 0.6125700927734375 0.9203190615234375 0.722526912109375 0.919017796875 0.71797248828125 0.910884896484375
0 0.05190224609375 0.826789376953125 0.00109955078125 0.7850794541015625 0 0.798183869140625 0.047611419921875 0.8377376416015625 0.05190224609375 0.826789376953125
0 0 0.441934150390625 0.0372126455078125 0.429733513671875 0.0311087978515625 0.418245994140625 0 0.4295287578125 0 0.441934150390625
0 0.0001659228515625 0.413497771484375 0.0280551083984375 0.423657908203125 0.030268591796875 0.4141720546875 0 0.40135008984375 0.0001659228515625 0.413497771484375
0 0 0.7567183271484375 0.0482165185546875 0.778680177734375 0.0482165185546875 0.7687601005859375 0 0.74649817578125 0 0.7567183271484375
0 0.907771283203125 0.822425265625 0.90535533984375 0.8357778994140626 0.9959488916015625 0.8718785029296875 0.9968104912109375 0.8599113564453125 0.907771283203125 0.822425265625