0 0.8840275576171875 0.5391480625 0.930168357421875 0.6420418037109376 0.9418362822265625 0.63561167578125 0.894561916015625 0.5340669365234375 0.8840275576171875 0.5391480625
0 0.6861288681640625 0.6454324326171875 0.813748046875 0.6482564423828125 0.8172448369140625 0.6335334296875 0.6868194287109375 0.6346702470703125 0.6861288681640625 0.6454324326171875
0 0.6811369306640624 0.6283859501953125 0.8010947412109375 0.5955956396484375 0.798107720703125 0.5829972197265625 0.67506680078125 0.6138651162109375 0.6811369306640624 0.6283859501953125
0 0.6153297548828125 0.62904053515625 0.6140447236328125 0.6398888974609375 0.725030087890625 0.6072145908203125 0.7226375390625 0.594529994140625 0.6153297548828125 0.62904053515625
0 0.5800930908203125 0.681535591796875 0.5892593544921875 0.68553785546875 0.6585323525390625 0.61863136328125 0.6420109287109375 0.610956626953125 0.5800930908203125 0.681535591796875
0 0.6039891689453125 0.5661196943359375 0.581834154296875 0.66765943359375 0.5955069970703125 0.6656773671875 0.6160447236328125 0.567926103515625 0.6039891689453125 0.5661196943359375
0 0.58166466015625 0.396985654296875 0.591751181640625 0.5222837529296875 0.605713927734375 0.5137439462890625 0.59406549609375 0.3934109697265625 0.58166466015625 0.396985654296875
0 0.7919642734375 0.50332986328125 0.8730111201171875 0.5721389453125 0.882563375 0.5589074609375 0.799290107421875 0.480943724609375 0.7919642734375 0.50332986328125
0 0.8184353291015625 0.4426280966796875 0.85556296875 0.5574905 0.869152748046875 0.5537434619140625 0.831624453125 0.44308550390625 0.8184353291015625 0.4426280966796875
0 0.72526125 0.3323363681640625 0.7992851904296875 0.4045328681640625 0.8048145849609375 0.394846240234375 0.7295186376953126 0.321057123046875 0.72526125 0.3323363681640625
0 0.6578823291015625 0.1851343642578125 0.7161747724609375 0.2791585048828125 0.7281326005859375 0.26617063671875 0.669190310546875 0.171056025390625 0.6578823291015625 0.1851343642578125
0 0.74570452734375 0.2707313994140625 0.806773873046875 0.3347361025390625 0.8170036640625 0.3231834140625 0.75626657421875 0.2662385966796875 0.74570452734375 0.2707313994140625
0 0.8773383701171875 0.1426591259765625 0.954456806640625 0.1788667705078125 0.9599585126953125 0.168591818359375 0.88792810546875 0.138754646484375 0.8773383701171875 0.1426591259765625
0 0.0847825537109375 0.2421501669921875 0.2078658251953125 0.2248998994140625 0.210118296875 0.2091725908203125 0.08363432421875 0.23046986328125 0.0847825537109375 0.2421501669921875
0 0.223787861328125 0.1562499541015625 0.10955162109375 0.1580016171875 0.1008153408203125 0.175853517578125 0.2185353447265625 0.1718198212890625 0.223787861328125 0.1562499541015625
0 0.3279311103515625 0.143522314453125 0.450502974609375 0.128123193359375 0.45343298046875 0.114074681640625 0.3255108740234375 0.130249392578125 0.3279311103515625 0.143522314453125
0 0.9572226494140625 0.1104591572265625 0.9282821083984375 0.0929798564453125 0.9233148388671875 0.1023761171875 0.9578001337890625 0.1227297705078125 0.9572226494140625 0.1104591572265625
0 0.9106186513671874 0.6127061064453125 0.9608701787109375 0.6310862080078125 0.961720623046875 0.6164846484375 0.9190233408203125 0.5965554912109375 0.9106186513671874 0.6127061064453125