0 0.1636989931640625 0.3769353525390625 0.2914842119140625 0.3925759814453125 0.2869874755859375 0.382483486328125 0.1641608974609375 0.367016052734375 0.1636989931640625 0.3769353525390625
0 0 0.3769193642578125 0.064076119140625 0.4231329072265625 0.07064971875 0.41528996875 0 0.3679807587890625 0 0.3769193642578125
0 0.0579508427734375 0.4080158134765625 0.10268726171875 0.513900416015625 0.113930814453125 0.512430234375 0.0679836044921875 0.4058823779296875 0.0579508427734375 0.4080158134765625
0 0.110762052734375 0.4738197509765625 0.1869807587890625 0.570247564453125 0.1966246396484375 0.563132828125 0.1203770673828125 0.4673249736328125 0.110762052734375 0.4738197509765625
0 0.1238209375 0.486695162109375 0.152946123046875 0.59451835546875 0.16725995703125 0.5937763779296875 0.1374860712890625 0.4865514921875 0.1238209375 0.486695162109375
0 0.1828084169921875 0.4465298759765625 0.3020196171875 0.419645439453125 0.2986181953125 0.4126960244140625 0.1783982861328125 0.43457751171875 0.1828084169921875 0.4465298759765625
0 0.3494612744140625 0.3741091640625 0.2450665517578125 0.429454517578125 0.2533977470703125 0.437197083984375 0.3553131484375 0.3817651337890625 0.3494612744140625 0.3741091640625
0 0.330328017578125 0.4516824208984375 0.3724085732421875 0.3879509228515625 0.38643542578125 0.366707087890625 0.37480299609375 0.3631959697265625 0.3168649658203125 0.4474863984375 0.330328017578125 0.4516824208984375
0 0.373028404296875 0.3879725712890625 0.3546593212890625 0.4624676953125 0.3631059921875 0.4677304375 0.3835655185546875 0.3883406103515625 0.373028404296875 0.3879725712890625
0 0.3568906923828125 0.507876048828125 0.3568108291015625 0.6295823232421875 0.368054380859375 0.6281121416015625 0.36438639453125 0.5068959287109375 0.3568906923828125 0.507876048828125
0 0.112944046875 0.8402650830078126 0.2001651884765625 0.873738796875 0.200713701171875 0.8619596279296875 0.11543865625 0.8266909921875 0.112944046875 0.8402650830078126
0 0.2503646962890625 0.7556459892578125 0.3422252109375 0.8228138359375 0.3408564951171875 0.812209630859375 0.257644732421875 0.74596483203125 0.2503646962890625 0.7556459892578125
0 0.36740558984375 0.85536252734375 0.4793061748046875 0.865480623046875 0.484957673828125 0.8507748671875 0.3691648935546875 0.8442466142578126 0.36740558984375 0.85536252734375
0 0.669493875 0.860946111328125 0.7925802734375 0.8708339375 0.7907072041015625 0.8577282587890624 0.6687449892578124 0.8503635556640625 0.669493875 0.860946111328125
0 0 0.81367680078125 0.0070525625 0.819363998046875 0.0108028017578125 0.813878818359375 0 0.8040092265625 0 0.81367680078125
0 0 0.75313841796875 0.00920216015625 0.7577213369140625 0.0117144296875 0.7494537578125 0 0.741492283203125 0 0.75313841796875
0 0 0.2235102734375 0.0166448642578125 0.2840099599609375 0.0223570693359375 0.2809033701171875 0 0.198514013671875 0 0.2235102734375
0 0 0.2445240078125 0.0064282568359375 0.26051792578125 0.0136599638671875 0.2566661875 0 0.22597066796875 0 0.2445240078125