0 0.00331519921875 0.41705201953125 0.092825568359375 0.48202991796875 0.0954777275390625 0.4740734404296875 0.009282556640625 0.4137368212890625 0.00331519921875 0.41705201953125
0 0.1750425009765625 0.4197041787109375 0.303009177734375 0.42766065625 0.3003570185546875 0.4143998603515625 0.1763685810546875 0.407769462890625 0.1750425009765625 0.4197041787109375
0 0.35870451953125 0.39517170703125 0.3560523603515625 0.3918565078125 0.2638898310546875 0.4634648037109375 0.2731723876953125 0.4707582412109375 0.3600305986328125 0.4018021044921875 0.35870451953125 0.39517170703125
0 0.19891193359375 0.48600815625 0.31560693359375 0.4541822470703125 0.309639576171875 0.44556273046875 0.1916184951171875 0.4780516796875 0.19891193359375 0.48600815625
0 0.3792587529296875 0.3925195478515625 0.33748724609375 0.4879972763671875 0.342128525390625 0.49661679296875 0.393182587890625 0.3958347470703125 0.3792587529296875 0.3925195478515625
0 0.382573951171875 0.419041138671875 0.3600305986328125 0.52579054296875 0.37329139453125 0.5284427021484375 0.393182587890625 0.422356337890625 0.382573951171875 0.419041138671875
0 0.3726283544921875 0.5284427021484375 0.378595712890625 0.654420259765625 0.3872152294921875 0.65640937890625 0.3812478720703125 0.527116623046875 0.3726283544921875 0.5284427021484375
0 0.1385753134765625 0.527116623046875 0.2181400869140625 0.6245834697265625 0.22874872265625 0.621268271484375 0.147194830078125 0.523801423828125 0.1385753134765625 0.527116623046875
0 0.085532130859375 0.4793777587890625 0.139238353515625 0.5848010830078125 0.1531621884765625 0.5828119638671875 0.09812988671875 0.476725599609375 0.085532130859375 0.4793777587890625
0 0.1491839501953125 0.548996935546875 0.1962597744140625 0.6623767373046875 0.21416184765625 0.65640937890625 0.1597925859375 0.5483338955078125 0.1491839501953125 0.548996935546875
0 0.239357359375 0.8831689833984375 0.3507480419921875 0.9057123349609375 0.3487589228515625 0.8917885 0.2433355986328125 0.87322338671875 0.239357359375 0.8831689833984375
0 0.4707582412109375 0.848027875 0.588779322265625 0.8453757158203125 0.5828119638671875 0.8341040390625 0.46744304296875 0.839408357421875 0.4707582412109375 0.848027875
0 0.639833384765625 0.846701794921875 0.637844265625 0.8619517099609375 0.7538762265625 0.8566473916015624 0.7552023056640625 0.8433865966796875 0.639833384765625 0.846701794921875
0 0 0.246650796875 0.0265215908203125 0.3361611669921875 0.034478068359375 0.3348350869140625 0.0059673583984375 0.2367052001953125 0 0.246650796875
0 0.0013260791015625 0.6855831298828124 0.0510540625 0.719398158203125 0.059673580078125 0.7094525615234375 0.0006630400390625 0.67033321484375 0.0013260791015625 0.6855831298828124
0 0 0.2687406435546875 0.0160100810546875 0.3101381376953125 0.0205843896484375 0.3069361220703125 0.000114357421875 0.255246431640625 0 0.2687406435546875
0 0.0721723115234375 0.0379854267578125 0.15953879296875 0.0004748173828125 0.14149571484375 0 0.06220113671875 0.0270646162109375 0.0721723115234375 0.0379854267578125
0 0.055418423828125 0.769457345703125 0.00102161328125 0.740362591796875 0 0.7512967880859375 0.0528758154296875 0.7778358779296874 0.055418423828125 0.769457345703125
0 0.046984404296875 0.824833337890625 0.0013447431640625 0.7905228095703125 0 0.796926658203125 0.042499751953125 0.8315178857421875 0.046984404296875 0.824833337890625