0 0.1825420673828125 0.45147235546875 0.302734375 0.458984375 0.302734375 0.452974759765625 0.18329326953125 0.4439603369140625 0.1825420673828125 0.45147235546875
0 0.2095853369140625 0.525841345703125 0.3155048076171875 0.4912860576171875 0.3125 0.484525240234375 0.206580529296875 0.519080529296875 0.2095853369140625 0.525841345703125
0 0.2764423076171875 0.504056490234375 0.3545673076171875 0.42743389453125 0.3508112978515625 0.4229266826171875 0.2704326923828125 0.5025540869140624 0.2764423076171875 0.504056490234375
0 0.3485576923828125 0.535606970703125 0.3861177880859375 0.4296875 0.3838641826171875 0.4206730771484375 0.340294470703125 0.533353365234375 0.3485576923828125 0.535606970703125
0 0.3718449521484375 0.567908654296875 0.389122595703125 0.4642427880859375 0.382361779296875 0.460486779296875 0.36884014453125 0.56640625 0.3718449521484375 0.567908654296875
0 0.38837139453125 0.673828125 0.37860576953125 0.5558894228515625 0.3665865380859375 0.5611478369140624 0.37860576953125 0.677584134765625 0.38837139453125 0.673828125
0 0.1810396630859375 0.0480769228515625 0.265174279296875 0.00225360546875 0.255408654296875 0 0.1787860576171875 0.03680889453125 0.1810396630859375 0.0480769228515625
0 0.2741887021484375 0.0495793271484375 0.2997295673828125 0.001502404296875 0.289212740234375 0.00225360546875 0.2726862978515625 0.045072115234375 0.2741887021484375 0.0495793271484375
0 0.0691105771484375 0.079627404296875 0.17578125 0.03680889453125 0.174278845703125 0.0285456728515625 0.069861779296875 0.072115384765625 0.0691105771484375 0.079627404296875
0 0.040564904296875 0.369591345703125 0.00751201953125 0.274939904296875 0.0030048076171875 0.2779447119140625 0.0345552880859375 0.3763521630859375 0.040564904296875 0.369591345703125
0 0.115685095703125 0.5228365380859376 0.025540865234375 0.462740384765625 0.018028845703125 0.470252404296875 0.113431490234375 0.531099759765625 0.115685095703125 0.5228365380859376
0 0.001502404296875 0.3665865380859375 0.0142728369140625 0.3718449521484375 0.01727764453125 0.365084134765625 0.001502404296875 0.3620793271484375 0.001502404296875 0.3665865380859375
0 0.174278845703125 0.6392728369140624 0.1179387021484375 0.538611779296875 0.108924279296875 0.538611779296875 0.1705228369140625 0.64453125 0.174278845703125 0.6392728369140624
0 0.2351262021484375 0.670072115234375 0.2448918271484375 0.66631610546875 0.1652644228515625 0.57842548046875 0.169771634765625 0.5769230771484375 0.1517427880859375 0.579927884765625 0.2351262021484375 0.670072115234375
0 0.2336237978515625 0.704627404296875 0.1802884619140625 0.6002103369140624 0.1750300478515625 0.60772235546875 0.228365384765625 0.712890625 0.2336237978515625 0.704627404296875
0 0.0833834130859375 0.743689904296875 0.00225360546875 0.6881009619140624 0 0.6978665869140624 0.076622595703125 0.755709134765625 0.0833834130859375 0.743689904296875
0 0.040564904296875 0.765474759765625 0.0030048076171875 0.745943509765625 0 0.7527043271484375 0.0383112978515625 0.77373798046875 0.040564904296875 0.765474759765625
0 0.0420673076171875 0.821814904296875 0.0030048076171875 0.7902644228515625 0 0.79852764453125 0.0338040869140625 0.8255709130859376 0.0420673076171875 0.821814904296875
0 0.411658654296875 0.9112079326171875 0.516075720703125 0.916466345703125 0.5145733173828125 0.9089543271484375 0.4131610576171875 0.904447115234375 0.411658654296875 0.9112079326171875
0 0.6926081728515625 0.84735576953125 0.79852764453125 0.8390925478515625 0.794771634765625 0.8308293271484375 0.693359375 0.8368389423828125 0.6926081728515625 0.84735576953125
0 0.8669250859375 0.8450482041015625 0.868640919921875 0.85534320703125 0.9758805400390625 0.858774875 0.9775963740234375 0.8480509130859375 0.8669250859375 0.8450482041015625