0 0.3024528798828125 0.033666208984375 0.2633566376953125 0.133578830078125 0.27964673828125 0.137922857421875 0.3149419580078125 0.02823617578125 0.3024528798828125 0.033666208984375
0 0.1824491337890625 0.1531269521484375 0.2731306982421875 0.0944825869140625 0.2709586845703125 0.07982149609375 0.186250158203125 0.1384658603515625 0.1786481103515625 0.1449819013671875 0.1824491337890625 0.1531269521484375
0 0.07221944921875 0.188422171875 0.183535140625 0.134121833984375 0.181906130859375 0.1248907763671875 0.17158906640625 0.129777806640625 0.0673324189453125 0.1764760966796875 0.07221944921875 0.188422171875
0 0.0122814775390625 0.352232771484375 0.0034388134765625 0.359601658203125 0.045687095703125 0.451467109375 0.051582205078125 0.44409822265625 0.0122814775390625 0.352232771484375
0 0.056249166015625 0.4713631025390625 0.0628811640625 0.4639942158203125 0.02382606640625 0.37237439453125 0.0176853271484375 0.3772869853515625 0.056249166015625 0.4713631025390625
0 0.1922750625 0.546872791015625 0.319331197265625 0.5488052041015625 0.3178818876953125 0.532862798828125 0.1971060947265625 0.5352783154296875 0.1922750625 0.546872791015625
0 0.3444525615234375 0.4908328232421875 0.2845477685546875 0.59663241796875 0.2956591416015625 0.596149314453125 0.3560470380859375 0.4913159267578125 0.3444525615234375 0.4908328232421875
0 0.3758542685546875 0.533829005859375 0.3512160068359375 0.6444596318359375 0.3690908232421875 0.64349342578125 0.384550125 0.5323796962890625 0.3758542685546875 0.533829005859375
0 0.3922797763671875 0.5570179580078125 0.3811684033203125 0.5594334736328125 0.374404958984375 0.6715134091796875 0.3893811572265625 0.673445822265625 0.3922797763671875 0.5570179580078125
0 0.3859994345703125 0.7454281953125 0.3966277041015625 0.7405971630859375 0.3802021962890625 0.621753783203125 0.37150633984375 0.6251355048828126 0.3859994345703125 0.7454281953125
0 0.22850780078125 0.637213083984375 0.3318918798828125 0.585521044921875 0.326577744140625 0.5763420849609375 0.222227458984375 0.6285172275390625 0.22850780078125 0.637213083984375
0 0.068117546875 0.5884196640625 0.1618395625 0.6555710048828125 0.1690861103515625 0.6478413544921875 0.071982373046875 0.58020691015625 0.068117546875 0.5884196640625
0 0.18424726953125 0.8271125849609375 0.1821294853515625 0.825936037109375 0.081417056640625 0.777462298828125 0.0800052001953125 0.781933177734375 0.176952677734375 0.831348154296875 0.18424726953125 0.8271125849609375
0 0.049885595703125 0.7567550703125 0.0470618828125 0.769697087890625 0.151068642578125 0.8266419658203125 0.154362974609375 0.81958268359375 0.049885595703125 0.7567550703125
0 0.253663546875 0.7376950078125 0.245427716796875 0.7334594384765625 0.2411921474609375 0.740518720703125 0.353670046875 0.8273478935546875 0.35696437890625 0.8198179931640625 0.253663546875 0.7376950078125
0 0.2287207490234375 0.747342693359375 0.3237857509765625 0.821465158203125 0.326138845703125 0.81417056640625 0.234603484375 0.7431071240234375 0.2287207490234375 0.747342693359375
0 0.273429537109375 0.7661674462890625 0.267782111328125 0.7722854912109375 0.3652002080078125 0.8445254814453125 0.3652002080078125 0.8440548623046875 0.373200728515625 0.8379368173828124 0.273429537109375 0.7661674462890625
0 0.0450435400390625 0.4842845205078125 0.000404404296875 0.505903228515625 0.0007169716796875 0.513565962890625 0.0534216357421875 0.4918489736328125 0.0450435400390625 0.4842845205078125
0 0.00020623046875 0.475033169921875 0.0438722177734375 0.4935874287109375 0.0509678203125 0.4854687314453125 0 0.4661185537109375 0.00020623046875 0.475033169921875
0 0.022239009765625 0.590530046875 0.0004124599609375 0.5762067265625 0 0.5824049052734375 0.021111189453125 0.59545056640625 0.022239009765625 0.590530046875
0 0.053914654296875 0.7773100146484375 0.0012373798828125 0.75191471875 0 0.7592713310546875 0.0475118564453125 0.7852885390625 0.053914654296875 0.7773100146484375
0 0 0.8024201328125 0.04530455078125 0.8360710751953125 0.0530140087890625 0.830286966796875 0 0.785323984375 0 0.8024201328125