0 0.8348084736328125 0.9362581826171875 0.741851267578125 0.9873489091796875 0.7428425517578126 0.99567084375 0.83586530859375 0.94683658984375 0.8348084736328125 0.9362581826171875
0 0.730061982421875 1 0.746613296875 0.9448615234375 0.742793072265625 0.942364048828125 0.7227954697265625 1 0.730061982421875 1
0 0.943418029296875 0.9079440361328125 0.8323728330078125 0.95562148046875 0.8348441376953125 0.963287658203125 0.9436365283203125 0.91546561328125 0.943418029296875 0.9079440361328125
0 0.951103171875 0.6306578984375 0.9920447021484375 0.724127203125 0.997789982421875 0.715486916015625 0.9575993857421875 0.6220658115234375 0.951103171875 0.6306578984375
0 1 0.72171338671875 0.96940966015625 0.641592759765625 0.965807935546875 0.646616861328125 1 0.7391725771484375 1 0.72171338671875
0 1 0.5939257744140625 0.968470111328125 0.6092499794921875 0.969308447265625 0.612306810546875 1 0.5983857001953125 1 0.5939257744140625
0 1 0.61896253515625 0.9661517568359375 0.606848904296875 0.96475913671875 0.6105132919921875 1 0.624825384765625 1 0.61896253515625
0 0.811300427734375 0.5398520263671875 0.6947962578125 0.52862016796875 0.6949492080078125 0.533885271484375 0.81224801171875 0.546669646484375 0.811300427734375 0.5398520263671875
0 0.712193083984375 0.4824392451171875 0.654783984375 0.570346447265625 0.6616516484375 0.5745410400390625 0.7197679833984375 0.48517772265625 0.712193083984375 0.4824392451171875
0 0.77875028125 0.4514258740234375 0.677139490234375 0.48844755859375 0.6817325 0.491745390625 0.7796978662109375 0.4582434931640625 0.77875028125 0.4514258740234375
0 0.8521452568359374 0.449380099609375 0.9402070771484375 0.5135914521484375 0.9459960556640625 0.506455478515625 0.8602307421875 0.4438930419921875 0.8521452568359374 0.449380099609375
0 0.6440925732421875 0.4345242587890625 0.621707181640625 0.541196150390625 0.6270729765625 0.5452943427734375 0.65310379296875 0.4351026630859375 0.6440925732421875 0.4345242587890625
0 0.6228996298828124 0.40163222265625 0.6118219638671875 0.5105314375 0.6217370673828125 0.516423146484375 0.6344040048828125 0.4106289638671875 0.6228996298828124 0.40163222265625
0 0.6071541044921875 0.324044529296875 0.625734349609375 0.4476102431640625 0.6283010888671875 0.432759890625 0.613715869140625 0.3177089140625 0.6071541044921875 0.324044529296875
0 0.6798441025390625 0.2461272294921875 0.780808693359375 0.3674734150390625 0.7851832041015625 0.363249671875 0.679669302734375 0.240109966796875 0.6798441025390625 0.2461272294921875
0 0.8753712412109375 0.2684373974609375 0.975579119140625 0.33793290234375 0.978364359375 0.3306041279296875 0.88191115625 0.2613496240234375 0.8753712412109375 0.2684373974609375
0 0.84500609375 0.255227013671875 0.9387694921875 0.3092937607421875 0.9428162529296875 0.29378765234375 0.84935875390625 0.2502511123046875 0.84500609375 0.255227013671875
0 0.73122739453125 0.28621238671875 0.8126320126953125 0.3792758837890625 0.8176482060546875 0.371339552734375 0.7324889130859376 0.278035052734375 0.73122739453125 0.28621238671875
0 0.9481164970703125 0.29562937109375 0.99163215625 0.3195049345703125 0.997386119140625 0.314557712890625 0.951761921875 0.2921095859375 0.9481164970703125 0.29562937109375
0 0.9508522587890625 0.23499380078125 0.943408458984375 0.23676826953125 0.990524298828125 0.278584609375 0.9961188203125 0.27093256640625 0.9508522587890625 0.23499380078125