0 0.28607686328125 0.9226525751953125 0.287969619140625 0.9244803837890625 0.31720969140625 0.98463551171875 0.332172126953125 0.9838192177734375 0.2935227041015625 0.9192034609375 0.28607686328125 0.9226525751953125
0 0.205559205078125 0.9189114091796875 0.199630900390625 0.9321525234375 0.2942030439453125 0.9776836181640625 0.2969278798828125 0.9706006650390625 0.205559205078125 0.9189114091796875
0 0.0892696826171875 0.8968163251953125 0.2021220283203125 0.9451976337890625 0.207152939453125 0.9352531865234375 0.091048142578125 0.8888194677734375 0.0892696826171875 0.8968163251953125
0 0.020781849609375 0.6908753330078125 0.0253220361328125 0.697709876953125 0.059290140625 0.6033498212890624 0.053179951171875 0.6000219482421875 0.020781849609375 0.6908753330078125
0 0.0436187568359375 0.6195780517578126 0.03174719921875 0.64290592578125 0.0196025927734375 0.6736974326171875 0.02027251171875 0.6967210283203125 0.0483677734375 0.6230615458984375 0.0436187568359375 0.6195780517578126
0 0.3230428974609375 0.509908564453125 0.1986118408203125 0.5183748447265625 0.200396921875 0.5267719638671875 0.320922509765625 0.516202546875 0.3230428974609375 0.509908564453125
0 0.2848844326171875 0.4643841728515625 0.365675607421875 0.548409080078125 0.37304905078125 0.544018087890625 0.29109861328125 0.461876677734375 0.2848844326171875 0.4643841728515625
0 0.2245076123046875 0.4381108876953125 0.2180286728515625 0.4468691669921875 0.3348806533203125 0.4831355380859375 0.339507888671875 0.474757912109375 0.2245076123046875 0.4381108876953125
0 0.362765650390625 0.42881639453125 0.355341171875 0.428820462890625 0.3926743076171875 0.53394112109375 0.40413369140625 0.5326617060546875 0.3668162587890625 0.42889087109375 0.362765650390625 0.42881639453125
0 0.388520564453125 0.3944621162109375 0.3797386865234375 0.3938226904296875 0.398552826171875 0.50258116796875 0.3980545986328125 0.503267859375 0.4068305888671875 0.5034011025390625 0.388520564453125 0.3944621162109375
0 0.1346262373046875 0.430282087890625 0.043409486328125 0.4943154873046875 0.0467359228515625 0.5066200244140625 0.1411351025390625 0.4425125361328125 0.1346262373046875 0.430282087890625
0 0.1997087841796875 0.3088386923828125 0.1372287626953125 0.4107641103515625 0.1458016416015625 0.4179937197265625 0.2065013037109375 0.3150484345703125 0.1997087841796875 0.3088386923828125
0 0.3936805126953125 0.2908797451171875 0.3855650908203125 0.4141808828125 0.3961896416015625 0.4153486259765625 0.4028865361328125 0.2917267412109375 0.3936805126953125 0.2908797451171875
0 0.261317759765625 0.284055568359375 0.1818113017578125 0.38177834375 0.1896193720703125 0.384072966796875 0.272332943359375 0.288398154296875 0.261317759765625 0.284055568359375
0 0.2545208779296875 0.2470678740234375 0.1974107353515625 0.35452861328125 0.20559709375 0.3589370546875 0.265568978515625 0.2542398603515625 0.2545208779296875 0.2470678740234375
0 0.10700643359375 0.2147711669921875 0.013721552734375 0.283451732421875 0.01425208203125 0.2986515234375 0.11422250390625 0.2269851513671875 0.10700643359375 0.2147711669921875
0 0.6300499599609375 0.0561336416015625 0.5211237578125 0.057254359375 0.5223244619140625 0.069254611328125 0.626004220703125 0.0732088203125 0.6300499599609375 0.0561336416015625
0 0.9135498408203125 0.1330236572265625 0.8002898818359375 0.1264623095703125 0.8028885390625 0.13701493359375 0.911214513671875 0.1451062275390625 0.9135498408203125 0.1330236572265625
0 0.05683324609375 0.21391111328125 0.01214894921875 0.2362212646484375 0.0115320888671875 0.2472662939453125 0.0591063779296875 0.22590289453125 0.05683324609375 0.21391111328125
0 0.0110070419921875 0.2021347431640625 0.0618536904296875 0.16357324609375 0.0577796484375 0.1525490908203125 0.0109483193359375 0.197087158203125 0.0110070419921875 0.2021347431640625
0 0.0441204033203125 0.58543833203125 0.0167454453125 0.5755036259765625 0.0170630712890625 0.5864197255859375 0.0399711328125 0.5958994384765625 0.0441204033203125 0.58543833203125
0 0.039786068359375 0.5914721845703125 0.0173926259765625 0.59774577734375 0.0177584736328125 0.610319166015625 0.040285537109375 0.600712822265625 0.039786068359375 0.5914721845703125