0 0.2981557744140625 0 0.266741431640625 0.06984081640625 0.275997443359375 0.07517003515625 0.31218003515625 0 0.2981557744140625 0
0 0.179791017578125 0.0701213017578125 0.183998294921875 0.078535857421875 0.2790827802734375 0.0255241533203125 0.2757169580078125 0.0134632900390625 0.179791017578125 0.0701213017578125
0 0.181193443359375 0.052170248046875 0.1803519873046875 0.05132879296875 0.0675969345703125 0.1023771005859375 0.0712432421875 0.111352626953125 0.1854007216796875 0.0628286865234375 0.181193443359375 0.052170248046875
0 0.03787256640625 0.40375638671875 0.047449537109375 0.39679131640625 0.0104476044921875 0.302762875 0.0054414609375 0.3051571181640625 0.03787256640625 0.40375638671875
0 0.031778130859375 0.3767667412109375 0.00043531640625 0.2888327353515625 0.00043531640625 0.3073337021484375 0 0.3105985791015625 0.0309074970703125 0.383296494140625 0.031778130859375 0.3767667412109375
0 0.0266343134765625 0.5057015009765625 0.126162537109375 0.566329609375 0.1317697607421875 0.5579187734375 0.0332928916015625 0.4923843447265625 0.0266343134765625 0.5057015009765625
0 0.182935677734375 0.4797680908203125 0.31085047265625 0.482571703125 0.3066450546875 0.4755626728515625 0.1815338720703125 0.470305900390625 0.182935677734375 0.4797680908203125
0 0.3515028447265625 0.4366625576171875 0.272651259765625 0.52848084765625 0.2821134501953125 0.5375925869140625 0.3574605205078125 0.4454238447265625 0.3515028447265625 0.4366625576171875
0 0.37778670703125 0.45488603515625 0.3448442666015625 0.56703051171875 0.354656908203125 0.56703051171875 0.3875993486328125 0.459091453125 0.37778670703125 0.45488603515625
0 0.3914543154296875 0.493786150390625 0.3918047666015625 0.4874780234375 0.3809407705078125 0.4885293779296875 0.3669227109375 0.59892159765625 0.378137158203125 0.59892159765625 0.3914543154296875 0.493786150390625
0 0.3189108564453125 0.5123600791015624 0.315055890625 0.5099069189453125 0.20361231640625 0.551610646484375 0.2116727001953125 0.556516966796875 0.32241537109375 0.5165654970703125 0.3189108564453125 0.5123600791015624
0 0.382342576171875 0.5761422509765625 0.3707776767578125 0.5764927021484375 0.3837443818359375 0.6966975634765625 0.3918047666015625 0.6963471123046875 0.382342576171875 0.5761422509765625
0 0.1391292421875 0.58630534375 0.1324706630859375 0.59716933984375 0.197304189453125 0.6942444033203125 0.205715025390625 0.684782212890625 0.1391292421875 0.58630534375
0 0.1731230361328125 0.62310275 0.257932296875 0.713168783203125 0.2649413271484375 0.705809302734375 0.1815338720703125 0.6125892060546875 0.1731230361328125 0.62310275
0 0.1895942568359375 0.646232548828125 0.2477692041015625 0.7489148359375 0.2603854580078125 0.7461112236328125 0.197304189453125 0.64237758203125 0.1895942568359375 0.646232548828125
0 0.5596710302734375 0.9216874208984375 0.667259638671875 0.91888380859375 0.6651569296875 0.9129261328125 0.560021482421875 0.9115243271484375 0.5596710302734375 0.9216874208984375
0 0.841434029296875 0.8424853837890625 0.9388595439453125 0.8393313203125 0.9350045771484375 0.8323222900390626 0.841434029296875 0.8326727421875 0.841434029296875 0.8424853837890625
0 0.1009826142578125 0.777043333984375 0.1089621669921875 0.7707147236328125 0.0156839482421875 0.7118311279296875 0.0104559658203125 0.71788458203125 0.1009826142578125 0.777043333984375
0 0.0696147177734375 0.7473263798828125 0.00137578515625 0.69889875 0 0.708529244140625 0.0635612646484375 0.756681716796875 0.0696147177734375 0.7473263798828125
0 0.023886044921875 0.4081914228515625 0.001906712890625 0.4141379833984375 0.0015298388671875 0.42277628515625 0.027678615234375 0.412772001953125 0.023886044921875 0.4081914228515625
0 0 0.4040200126953125 0.022773244140625 0.407162138671875 0.022773244140625 0.3988603115234375 0.000176400390625 0.3973234267578125 0 0.4040200126953125
0 0.0468068154296875 0.7699156640625 0.0020705703125 0.747604146484375 0 0.7544325615234375 0.0435341220703125 0.7747181962890625 0.0468068154296875 0.7699156640625
0 0 0.798221408203125 0.0448509453125 0.8287407275390625 0.0467755341796875 0.8234615166015625 0 0.7914227861328125 0 0.798221408203125