0 0.766220228515625 0.61153224609375 0.8840700595703125 0.6011312744140626 0.88649378125 0.59425481640625 0.7641809697265625 0.601090048828125 0.766220228515625 0.61153224609375
0 0.7524078427734375 0.585808529296875 0.8567457587890625 0.5374117412109375 0.8504374912109375 0.53487412890625 0.748885255859375 0.577771658203125 0.7524078427734375 0.585808529296875
0 0.711740544921875 0.6242555390625 0.78687685546875 0.561340783203125 0.7830408037109375 0.554794291015625 0.705564763671875 0.619538947265625 0.711740544921875 0.6242555390625
0 0.68506312890625 0.6488555712890625 0.7167039990234375 0.5572826240234375 0.7099497822265625 0.5584143662109375 0.6810460986328125 0.6416204775390625 0.68506312890625 0.6488555712890625
0 0.98070037109375 0.5475556416015624 0.9142951171875 0.455876076171875 0.905514634765625 0.457347341796875 0.9734517109375 0.5494891611328125 0.98070037109375 0.5475556416015624
0 1 0.5443259609375 0.9648262197265625 0.5300855869140625 0.9576260537109375 0.5348866865234375 1 0.552163638671875 1 0.5443259609375
0 0.9154684638671875 0.4952204248046875 0.8199845771484375 0.416321490234375 0.80512530078125 0.4188113232421875 0.90894371875 0.499908349609375 0.9154684638671875 0.4952204248046875
0 0.8236187412109375 0.381490544921875 0.8874852158203125 0.4826550869140625 0.897930005859375 0.4794670966796875 0.828942556640625 0.3752795283203125 0.8236187412109375 0.381490544921875
0 0.680706646484375 0.6215474150390625 0.6733765439453125 0.5185313134765624 0.6676597060546875 0.520927083984375 0.6737714521484375 0.6219905556640625 0.680706646484375 0.6215474150390625
0 0.6583587939453125 0.5016366865234375 0.620379255859375 0.378593802734375 0.6129496171875 0.3798387197265625 0.65137510546875 0.49921224609375 0.6583587939453125 0.5016366865234375
0 0.720586677734375 0.2661857431640625 0.632280453125 0.2011815693359375 0.626166158203125 0.21011427734375 0.717077083984375 0.2689305927734375 0.720586677734375 0.2661857431640625
0 0.5136062412109375 0.16283367578125 0.6287448720703125 0.1823629794921875 0.62662162109375 0.176967341796875 0.5122908974609375 0.1551458837890625 0.5136062412109375 0.16283367578125
0 0.82152752734375 0.127054509765625 0.730487599609375 0.1106764716796875 0.729414720703125 0.11732658203125 0.8192847841796875 0.1346195712890625 0.82152752734375 0.127054509765625
0 0.9423345029296875 0.141320462890625 0.905787251953125 0.1230008505859375 0.90313405859375 0.1263211279296875 0.941756068359375 0.147168798828125 0.9423345029296875 0.141320462890625
0 0.955183990234375 0.1902111728515625 0.9181067978515625 0.180607474609375 0.9180228056640625 0.1856540341796875 0.9552809775390625 0.19594633203125 0.955183990234375 0.1902111728515625
0 0.9766364638671875 0.2772013134765625 0.9618611787109375 0.2746445869140625 0.959388962890625 0.2786534658203125 0.978627228515625 0.2847759306640625 0.9766364638671875 0.2772013134765625
0 0.21683115234375 0.2168751142578125 0.3293616015625 0.202332978515625 0.326514435546875 0.19418293359375 0.214659408203125 0.2086118974609375 0.21683115234375 0.2168751142578125