0 0.9591405390625 0.2883960654296875 0.9694359326171875 0.293856595703125 0.9908100927734375 0.19115579296875 0.9855660390625 0.1895378779296875 0.9591405390625 0.2883960654296875
0 0.9968235927734375 0.1957303369140625 0.9960301181640625 0.1925578173828125 0.99398753515625 0.174207265625 0.972518431640625 0.26616498046875 0.9741053818359375 0.272510017578125 0.9968235927734375 0.1957303369140625
0 0.899560732421875 0.4684563662109375 0.9918700244140625 0.393273806640625 0.98377632421875 0.381071611328125 0.8930545146484375 0.4609616513671875 0.899560732421875 0.4684563662109375
0 0.706600421875 0.413301822265625 0.8335305126953125 0.3911819599609375 0.83388025390625 0.3815847626953125 0.7100098154296876 0.405713970703125 0.706600421875 0.413301822265625
0 0.749666564453125 0.453062498046875 0.66109406640625 0.373912029296875 0.6561351201171876 0.3835028095703125 0.7412602919921875 0.463530716796875 0.749666564453125 0.453062498046875
0 0.6821106552734375 0.50221338671875 0.6369608857421875 0.3959611240234375 0.627664333984375 0.40161589453125 0.6723498076171875 0.5036969296875 0.6821106552734375 0.50221338671875
0 0.663669654296875 0.537183166015625 0.6375378330078125 0.4298077958984375 0.626615107421875 0.430407482421875 0.6276601513671874 0.43661133984375 0.652514400390625 0.5388786435546875 0.663669654296875 0.537183166015625
0 0.8134185625 0.4716515205078125 0.8208947236328125 0.4655664638671875 0.70543512109375 0.4410506025390625 0.7018713408203126 0.444066638671875 0.6988496201171875 0.448767703125 0.8134185625 0.4716515205078125
0 0.6573587939453125 0.5155194404296874 0.6458162470703125 0.5169202998046875 0.649675109375 0.63757844140625 0.6577316396484375 0.63670741796875 0.6573587939453125 0.5155194404296874
0 0.8966907353515625 0.4999990732421875 0.8888678720703125 0.4902300927734375 0.8335057998046875 0.5979732314453124 0.8429169052734375 0.606086884765625 0.8966907353515625 0.4999990732421875
0 0.784698140625 0.634023583984375 0.8591160927734375 0.531867748046875 0.8495889140625 0.5227112880859375 0.77691358984375 0.6277836103515625 0.784698140625 0.634023583984375
0 0.798754099609375 0.667942490234375 0.8452854365234375 0.5572997314453125 0.837190595703125 0.5546417470703126 0.785894908203125 0.6670690849609375 0.798754099609375 0.667942490234375
0 0.4002431357421875 0.89995105859375 0.507573388671875 0.8864658876953125 0.5061027392578125 0.8764384052734375 0.401676994140625 0.8937239169921875 0.4002431357421875 0.89995105859375
0 0.1212938974609375 0.862107693359375 0.218553392578125 0.8505066513671875 0.2174700361328125 0.840773787109375 0.12435469140625 0.8545728271484375 0.1212938974609375 0.862107693359375
0 1 0.6175172314453125 0.9392352666015625 0.668579333984375 0.94787140625 0.6736500888671875 1 0.6284829365234375 1 0.6175172314453125
0 1 0.61684386328125 0.975792859375 0.639432322265625 0.982847228515625 0.6477963955078125 1 0.630803251953125 1 0.61684386328125
0 1 0.2979891484375 0.983838275390625 0.29614099609375 0.9805714375 0.3012577216796875 1 0.3055350400390625 1 0.2979891484375
0 1 0.2831550146484375 0.9839150087890625 0.2867175068359375 0.9848315654296875 0.2949518388671875 1 0.290491236328125 1 0.2831550146484375