0 0.0004472275390625 0.2204830048828125 0.015205724609375 0.2665474052734375 0.02504472265625 0.2647584970703125 0 0.1967799638671875 0.0004472275390625 0.2204830048828125
0 0.0008944541015625 0.3457066181640625 0.0008944541015625 0.3622540244140625 0.0760286220703125 0.4060822890625 0.076475849609375 0.396243291015625 0.0008944541015625 0.3457066181640625
0 0.16994633203125 0.3604651162109375 0.2983005361328125 0.3761180673828125 0.296064400390625 0.3635957060546875 0.1703935595703125 0.3506261171875 0.16994633203125 0.3604651162109375
0 0.0715563505859375 0.3819320205078125 0.06395348828125 0.38640429296875 0.107334525390625 0.4941860458984375 0.120751341796875 0.491055455078125 0.0715563505859375 0.3819320205078125
0 0.1909660107421875 0.4235241494140625 0.30858676171875 0.398926654296875 0.3041144892578125 0.3872987470703125 0.190518783203125 0.4177101962890625 0.1909660107421875 0.4235241494140625
0 0.3595706611328125 0.357334525390625 0.254472271484375 0.412790697265625 0.2620751337890625 0.4203935595703125 0.361806796875 0.3649373876953125 0.3595706611328125 0.357334525390625
0 0.3841681572265625 0.3412343466796875 0.329606439453125 0.42531305859375 0.34749552734375 0.4235241494140625 0.393559927734375 0.34168157421875 0.3841681572265625 0.3412343466796875
0 0.3940071552734375 0.3671735234375 0.3832737021484375 0.365384615234375 0.365384615234375 0.4485688720703125 0.377012521484375 0.4467799638671875 0.3940071552734375 0.3671735234375
0 0.123434705078125 0.443649373046875 0.1131484794921875 0.4494633271484375 0.19722719140625 0.543828263671875 0.204382826171875 0.532647583984375 0.123434705078125 0.443649373046875
0 0.168157423828125 0.58139534765625 0.1784436494140625 0.579606439453125 0.1426654736328125 0.4637745966796875 0.1301431123046875 0.46422182421875 0.168157423828125 0.58139534765625
0 0.37254025 0.4888193193359375 0.376565294921875 0.6171735234375 0.390429337890625 0.610465115234375 0.3837209296875 0.4874776376953125 0.37254025 0.4888193193359375
0 0.3233452587890625 0.7652057236328125 0.2423971376953125 0.6900715556640625 0.2383720927734375 0.69812164453125 0.31440071484375 0.774597494140625 0.3233452587890625 0.7652057236328125
0 0.1954382822265625 0.84838998046875 0.10867620703125 0.813506259765625 0.10286225390625 0.8224508037109375 0.1954382822265625 0.8568872978515625 0.1954382822265625 0.84838998046875
0 0.2898032197265625 0.7951699453125 0.3940071552734375 0.845259390625 0.3971377451171875 0.8376565283203125 0.29740608203125 0.7875670830078125 0.2898032197265625 0.7951699453125
0 0.5782647578125 0.843917708984375 0.7066189619140625 0.8506261171875 0.704830052734375 0.8398926640625 0.5840787109375 0.835867619140625 0.5782647578125 0.843917708984375
0 0.035945916015625 0.7553205830078125 0.0005870595703125 0.740281775390625 0 0.745735005859375 0.035945916015625 0.760741708984375 0.035945916015625 0.7553205830078125
0 0.01442423046875 0.6577632529296875 0.0010181806640625 0.6436279658203125 0.00170384765625 0.6574995341796875 0.01144765625 0.66438830859375 0.01442423046875 0.6577632529296875
0 0.0342741728515625 0.8142764716796875 0.002935296875 0.7854853408203125 0 0.7982836923828125 0.031572783203125 0.8238482900390625 0.0342741728515625 0.8142764716796875