0 0.7981570224609374 0.87180534375 0.90290443359375 0.8597759404296875 0.9119257421875 0.849653619140625 0.798752779296875 0.8574674912109375 0.7981570224609374 0.87180534375
0 0.7720971953125 0.957191056640625 0.853892142578125 0.879358 0.84649173046875 0.8688776630859375 0.762252966796875 0.9450951015625 0.7720971953125 0.957191056640625
0 0.7577564619140625 1 0.79471028125 0.9592715908203125 0.7864483759765625 0.9504230078125 0.743907296875 1 0.7577564619140625 1
0 0.4548747314453125 1 0.43005266796875 0.9813335791015625 0.4270719306640625 0.9898614599609376 0.4408082529296875 1 0.4548747314453125 1
0 0.40969168359375 0.713200505859375 0.38101894140625 0.8371593486328125 0.395416099609375 0.8341469560546875 0.4244134111328125 0.7186998583984375 0.40969168359375 0.713200505859375
0 0.31532582421875 0.9522222119140625 0.3271155185546875 0.952227251953125 0.283511021484375 0.84652429296875 0.2748170078125 0.8473805107421875 0.31532582421875 0.9522222119140625
0 0.356489607421875 0.7325526279296874 0.4692947490234375 0.6946935068359374 0.4674696796875 0.680617865234375 0.3568987265625 0.7209699990234375 0.356489607421875 0.7325526279296874
0 0.311510861328125 0.78460336328125 0.3122905283203125 0.785288134765625 0.3847423232421875 0.6912878076171876 0.3784231591796875 0.6881261591796874 0.3047494560546875 0.7813186787109375 0.311510861328125 0.78460336328125
0 0.328301955078125 0.65312816796875 0.4453833857421875 0.6585659931640625 0.445478068359375 0.64829945703125 0.3292811162109375 0.6431077060546875 0.328301955078125 0.65312816796875
0 0.41500947265625 0.6435655576171875 0.4170009169921875 0.63523030078125 0.3049964794921875 0.6124906376953125 0.3019109287109375 0.6214572177734375 0.41500947265625 0.6435655576171875
0 0.2260681015625 0.59146744140625 0.34360930859375 0.6344618291015625 0.3479985888671875 0.623986533203125 0.2265002099609375 0.581762640625 0.2260681015625 0.59146744140625
0 0.093406578125 0.7894240146484375 0.1185519306640625 0.89934855859375 0.1280486005859375 0.90105494140625 0.1022872275390625 0.7858125732421875 0.093406578125 0.7894240146484375
0 0.09409896875 0.8279810087890624 0.1346997392578125 0.9403340205078125 0.1419162412109375 0.9357917333984375 0.1019673369140625 0.8226843623046876 0.09409896875 0.8279810087890624
0 0.1210923798828125 0.9538590234375 0.1058777568359375 0.8990974423828125 0.097357521484375 0.905148447265625 0.1090700703125 0.952853548828125 0.1210923798828125 0.9538590234375
0 0.0825356591796875 0.945471326171875 0.0545319169921875 0.881069490234375 0.0474202275390625 0.885173080078125 0.0701529345703125 0.9420262900390625 0.0825356591796875 0.945471326171875
0 0.2180345341796875 0.7632756005859375 0.229290033203125 0.75564629296875 0.168110873046875 0.6544109931640625 0.1581361162109375 0.658653755859375 0.2180345341796875 0.7632756005859375
0 0.1516147314453125 0.6839751884765625 0.2180419384765625 0.790881287109375 0.2275514658203125 0.78463766015625 0.1604135576171875 0.6826802734375 0.1516147314453125 0.6839751884765625
0 0.126949416015625 0.6312628828125 0.1954370341796875 0.7354672080078125 0.2047369345703125 0.7301009755859375 0.133595876953125 0.625158427734375 0.126949416015625 0.6312628828125