0 0.1185235849609375 0.6302726513671875 0.0550523544921875 0.6898082490234375 0.0589623984375 0.70275059375 0.1245941298828125 0.640600416015625 0.1185235849609375 0.6302726513671875
0 0.143589455078125 0.527248626953125 0.118309671875 0.6418270439453125 0.130125873046875 0.638424263671875 0.1545215751953125 0.527307732421875 0.143589455078125 0.527248626953125
0 0.3438764990234375 0.62466274609375 0.22587780078125 0.66194799609375 0.226957171875 0.6694124140625 0.34484136328125 0.6316012919921875 0.3438764990234375 0.62466274609375
0 0.2957160341796875 0.59404278515625 0.4057038759765625 0.6378131708984375 0.411432669921875 0.62901990625 0.301084451171875 0.588609185546875 0.2957160341796875 0.59404278515625
0 0.23229891796875 0.6036797119140624 0.349344322265625 0.6071488828125 0.3501964443359375 0.5960181416015625 0.2303523271484375 0.594739900390625 0.23229891796875 0.6036797119140624
0 0.3654681962890625 0.5683673896484375 0.36505899609375 0.56899548046875 0.434980765625 0.6469007451171875 0.44733753515625 0.638458466796875 0.3718352001953125 0.5599977763671875 0.3654681962890625 0.5683673896484375
0 0.371394814453125 0.382460134765625 0.393721591796875 0.5025484599609376 0.3998258623046875 0.5030016650390625 0.384241564453125 0.3837901962890625 0.371394814453125 0.382460134765625
0 0.2184188662109375 0.462206763671875 0.157986931640625 0.5682961435546875 0.1662179814453125 0.5760093271484376 0.22507880078125 0.4702266044921875 0.2184188662109375 0.462206763671875
0 0.1796345048828125 0.4445587001953125 0.169215509765625 0.54965787109375 0.17787262109375 0.5518056845703125 0.1908613193359375 0.44346384375 0.1796345048828125 0.4445587001953125
0 0.366636947265625 0.1750648232421875 0.27586737890625 0.242121515625 0.280203484375 0.249498490234375 0.370269158203125 0.184223849609375 0.366636947265625 0.1750648232421875
0 0.2058967880859375 0.161484673828125 0.1202683896484375 0.204512609375 0.1193674443359375 0.212911775390625 0.207253990234375 0.17273241015625 0.2058967880859375 0.161484673828125
0 0.5243883974609375 0.1272793505859375 0.41233240625 0.1442169423828125 0.416602828125 0.153799623046875 0.52535326171875 0.134217896484375 0.5243883974609375 0.1272793505859375
0 0.8339787841796875 0.0772683349609375 0.7137556640625 0.101830455078125 0.717633748046875 0.107103943359375 0.834239755859375 0.08598893359375 0.8339787841796875 0.0772683349609375
0 0.0910331689453125 0.7976925712890625 0.0854046005859375 0.834217123046875 0.0884859609375 0.8473413203125 0.09842848828125 0.8003963447265625 0.0910331689453125 0.7976925712890625
0 0.0963977314453125 0.7764561455078125 0.088800517578125 0.84530273046875 0.09263079296875 0.8630162529296875 0.1029185126953125 0.77746570703125 0.0963977314453125 0.7764561455078125
0 0.0219366044921875 0.3904249658203125 0.0161821162109375 0.39713758203125 0.016662369140625 0.4089238310546875 0.0263519765625 0.3982994208984375 0.0219366044921875 0.3904249658203125
0 0.4286738154296875 0.616632916015625 0.4371832939453125 0.61361423046875 0.3952623896484375 0.5263795908203125 0.3889777978515625 0.5348048701171875 0.4286738154296875 0.616632916015625