0 0.7538407099609375 0.7015790126953125 0.8179727939453125 0.82694269140625 0.8243258896484374 0.8200965322265625 0.7660056591796875 0.699840341796875 0.7538407099609375 0.7015790126953125
0 0.7187116669921875 0.6759730224609375 0.7658467568359375 0.59947034765625 0.7507738857421875 0.5917959755859376 0.70719352734375 0.67197362109375 0.7187116669921875 0.6759730224609375
0 0.658086076171875 0.65594174609375 0.7419859140625 0.6103398984375 0.737053400390625 0.596331142578125 0.6567844755859376 0.63998069921875 0.658086076171875 0.65594174609375
0 0.726274216796875 0.6358407890625 0.72767994140625 0.7422047431640625 0.7425964609375 0.7474150458984375 0.7379487099609375 0.6423042607421875 0.726274216796875 0.6358407890625
0 0.7334758271484375 0.6924378505859375 0.751332203125 0.8168099609375 0.76028051953125 0.8144487041015624 0.7425551005859375 0.69441641796875 0.7334758271484375 0.6924378505859375
0 0.734579380859375 0.9192167802734375 0.8528932548828125 0.9380234501953125 0.856211462890625 0.9311430185546875 0.737999162109375 0.9048333330078125 0.734579380859375 0.9192167802734375
0 0.6559864130859375 0.839066548828125 0.7600465458984375 0.9017992255859375 0.7727019521484375 0.8918584140625 0.660340314453125 0.8257489208984375 0.6559864130859375 0.839066548828125
0 0.6332240263671876 0.8809031806640625 0.7470998359375 0.891217548828125 0.748625986328125 0.8765782119140625 0.6282915126953125 0.86689442578125 0.6332240263671876 0.8809031806640625
0 0.489666427734375 0.6668204296875 0.611083388671875 0.652596916015625 0.6090040185546876 0.6380341162109375 0.4849156611328125 0.653399990234375 0.489666427734375 0.6668204296875
0 0.45627178125 0.8073809150390625 0.555297826171875 0.86360785546875 0.559444587890625 0.8515776669921875 0.4602367978515625 0.794762412109375 0.45627178125 0.8073809150390625
0 0.3864479345703125 0.82218703515625 0.4843581142578125 0.876759837890625 0.4899588369140625 0.8694361708984375 0.39018041796875 0.8127317255859375 0.3864479345703125 0.82218703515625
0 0.39925277734375 1 0.3734435625 0.970012927734375 0.362550830078125 0.9758698046875 0.383699283203125 1 0.39925277734375 1
0 0.2517944052734375 0.7211190556640625 0.360943400390625 0.80032455859375 0.3687210732421875 0.7863420771484375 0.26816089453125 0.717317283203125 0.2517944052734375 0.7211190556640625
0 0.1006905595703125 0.3357623388671875 0.13475707421875 0.4538686083984375 0.149128357421875 0.4573139658203125 0.116566591796875 0.340162708984375 0.1006905595703125 0.3357623388671875
0 0.098293388671875 0.1204595537109375 0.133450373046875 0.2420957138671875 0.14273678515625 0.2427868408203125 0.106776638671875 0.12442468359375 0.098293388671875 0.1204595537109375
0 0.883692994140625 0.9813612646484375 0.819081412109375 0.9179258349609375 0.8120184296875 0.925526390625 0.8697626181640625 0.9852598623046875 0.883692994140625 0.9813612646484375
0 1 0.9526044326171875 0.956937572265625 0.94804217578125 0.959087916015625 0.9550029111328125 0.9939722587890625 0.9611399287109375 1 0.9587061865234375 1 0.9526044326171875
0 0.0679475498046875 0.2139000263671875 0.085579802734375 0.2096325166015625 0.0347535087890625 0.110220169921875 0.024746783203125 0.111853923828125 0.0679475498046875 0.2139000263671875