0 0.3029198671875 0.0251219599609375 0.2650548837890625 0.1248816279296875 0.27998242578125 0.1299788369140625 0.31202202734375 0.0265783056640625 0.3029198671875 0.0251219599609375
0 0.2777979072265625 0.0837398671875 0.2705161796875 0.072089103515625 0.1791304990234375 0.13179926953125 0.1809509306640625 0.143450033203125 0.2777979072265625 0.0837398671875
0 0.1867763125 0.1212407646484375 0.1762178076171875 0.113959037109375 0.069176412109375 0.172576943359375 0.0717250166015625 0.1813150166015625 0.1867763125 0.1212407646484375
0 0.053156611328125 0.46056926953125 0.064079203125 0.4547438876953125 0.0233015283203125 0.36408637890625 0.00983033203125 0.3666349833984375 0.053156611328125 0.46056926953125
0 0.04805940234375 0.4379959140625 0.00983033203125 0.34442571484375 0.002701806640625 0.3506244326171875 0.040049501953125 0.4416367783203125 0.04805940234375 0.4379959140625
0 0.1904171767578125 0.536299236328125 0.3211241865234375 0.5384837548828125 0.317483322265625 0.5275611630859375 0.1911453486328125 0.52792525 0.1904171767578125 0.536299236328125
0 0.0633510302734375 0.57671282421875 0.1540085380859375 0.6418842861328125 0.1616543525390625 0.6335102998046875 0.069176412109375 0.5694310966796875 0.0633510302734375 0.57671282421875
0 0.356076478515625 0.487511662109375 0.3466102333984375 0.4820503662109375 0.2833492021484375 0.5848495419921875 0.291633189453125 0.5898199345703125 0.356076478515625 0.487511662109375
0 0.326949568359375 0.568702923828125 0.2213645185546875 0.6189468447265625 0.2242772099609375 0.626228572265625 0.33131860546875 0.577805083984375 0.326949568359375 0.568702923828125
0 0.37682940234375 0.51845900390625 0.3498870107421875 0.63423847265625 0.362630033203125 0.63460255859375 0.38338295703125 0.5228280400390625 0.37682940234375 0.51845900390625
0 0.3888442529296875 0.55086269140625 0.3841111298828125 0.5534112958984375 0.3771934892578125 0.6222236220703125 0.375373056640625 0.66008860546875 0.381562525390625 0.6608167783203125 0.3888442529296875 0.55086269140625
0 0.384475216796875 0.6178545849609375 0.3728244521484375 0.6178545849609375 0.3837470439453125 0.74091578125 0.3837470439453125 0.7401876083984374 0.394305548828125 0.7394594365234375 0.384475216796875 0.6178545849609375
0 0.0364086376953125 0.7572996689453125 0.13835282421875 0.8177380078125 0.1405373427734375 0.80790767578125 0.03859315625 0.7496538544921875 0.0364086376953125 0.7572996689453125
0 0.1678438203125 0.8268401669921875 0.172576943359375 0.8155534892578125 0.0713609306640625 0.7660377421875 0.0680841533203125 0.7736835556640625 0.1678438203125 0.8268401669921875
0 0.050243919921875 0.837398671875 0.051700265625 0.8286605986328125 0 0.7882470107421875 0.0007281728515625 0.8006259482421875 0.050243919921875 0.837398671875
0 0.2297385048828125 0.722711462890625 0.3229446181640625 0.8039027255859374 0.3247650498046875 0.7984414296875 0.2319230234375 0.716521994140625 0.2297385048828125 0.722711462890625
0 0.2082574091796875 0.72489598046875 0.3003712626953125 0.8046308984375 0.30255578125 0.7991696025390626 0.2151750498046875 0.7172501669921875 0.2082574091796875 0.72489598046875
0 0.2523118603515625 0.7536588046875 0.34442571484375 0.8377627587890625 0.35097926953125 0.83048103125 0.256316810546875 0.7463770771484375 0.2523118603515625 0.7536588046875
0 0 0.7594876171875 0.0547198525390625 0.7850852294921875 0.057341294921875 0.7758440947265625 0 0.7481610771484375 0 0.7594876171875
0 0.003759603515625 0.505666658203125 0.0545509638671875 0.477333787109375 0.0473732060546875 0.47246172265625 0 0.4955994384765625 0.003759603515625 0.505666658203125
0 0 0.4686029892578125 0.0460918564453125 0.4859948271484375 0.04654344921875 0.4779065390625 0 0.4558519130859375 0 0.4686029892578125
0 0 0.5797315791015625 0.0138451796875 0.5854150419921875 0.0191578232421875 0.5775911015625 0 0.5658203125 0 0.5797315791015625