0 0.170200892578125 0.3152901787109375 0.292271205078125 0.33203125 0.29296875 0.3243582587890625 0.1688058037109375 0.3090122763671875 0.170200892578125 0.3152901787109375
0 0.0997488837890625 0.4185267861328125 0.05859375 0.3111049111328125 0.049525669921875 0.311802455078125 0.0899832587890625 0.415736607421875 0.0997488837890625 0.4185267861328125
0 0.1869419638671875 0.371791294921875 0.2992466513671875 0.3543526787109375 0.2964564736328125 0.3438895087890625 0.186244419921875 0.365513392578125 0.1869419638671875 0.371791294921875
0 0.1890345986328125 0.472935267578125 0.1095145087890625 0.3843470986328125 0.1053292412109375 0.389927455078125 0.184849330078125 0.477818080078125 0.1890345986328125 0.472935267578125
0 0.0746372763671875 0.342494419921875 0.0027901787109375 0.2992466513671875 0 0.3048270087890625 0.0704520087890625 0.3487723212890625 0.0746372763671875 0.342494419921875
0 0.1583426337890625 0.5126953125 0.127650669921875 0.401088169921875 0.1171875 0.400390625 0.1513671875 0.5161830361328125 0.1583426337890625 0.5126953125
0 0.25390625 0.3683035712890625 0.3543526787109375 0.341099330078125 0.3550502236328125 0.3348214287109375 0.253208705078125 0.3634207587890625 0.25390625 0.3683035712890625
0 0.3369140625 0.3662109375 0.394810267578125 0.3006417412109375 0.3934151787109375 0.2943638388671875 0.3299386162109375 0.362025669921875 0.3369140625 0.3662109375
0 0.3676060263671875 0.415736607421875 0.3934151787109375 0.3257533486328125 0.389927455078125 0.321568080078125 0.3627232138671875 0.409458705078125 0.3676060263671875 0.415736607421875
0 0.386439732421875 0.5824497763671875 0.3787667412109375 0.4638671875 0.3696986611328125 0.4617745537109375 0.380859375 0.5845424111328125 0.386439732421875 0.5824497763671875
0 0.2608816962890625 0.663364955078125 0.189732142578125 0.5796595986328125 0.179966517578125 0.5824497763671875 0.253208705078125 0.668247767578125 0.2608816962890625 0.663364955078125
0 0.259486607421875 0.7373046875 0.184849330078125 0.654994419921875 0.1806640625 0.6591796875 0.2504185263671875 0.741489955078125 0.259486607421875 0.7373046875
0 0.3892299111328125 0.8321707587890625 0.2999441962890625 0.7589285712890625 0.287388392578125 0.7652064736328125 0.3794642861328125 0.8377511162109375 0.3892299111328125 0.8321707587890625
0 0.1102120537109375 0.800083705078125 0.038364955078125 0.76171875 0.0320870537109375 0.7666015625 0.1053292412109375 0.810546875 0.1102120537109375 0.800083705078125
0 0.029994419921875 0.7505580361328125 0.0020926337890625 0.738002232421875 0 0.7442801337890625 0.0209263388671875 0.7554408486328125 0.029994419921875 0.7505580361328125
0 0.0279017861328125 0.8140345986328125 0.0013950888671875 0.7882254462890625 0.0020926337890625 0.7945033486328125 0.0230189736328125 0.8175223212890625 0.0279017861328125 0.8140345986328125
0 0.6773158486328125 0.8642578125 0.7847377236328125 0.863560267578125 0.7840401787109375 0.8558872763671875 0.674525669921875 0.8572823662109375 0.6773158486328125 0.8642578125
0 0.8670479912109375 0.8028738837890625 0.9800502236328125 0.8056640625 0.982142857421875 0.7986886162109375 0.8677455361328125 0.795200892578125 0.8670479912109375 0.8028738837890625
0 0.9130859375 0.848911830078125 0.9990234375 0.879603794921875 0.9990234375 0.8670479912109375 0.9193638388671875 0.840541294921875 0.9130859375 0.848911830078125
0 0.0175637265625 0.2097610732421875 0.0010036416015625 0.1610844599609375 0.0015054619140625 0.1831645732421875 0.011040056640625 0.213273818359375 0.0175637265625 0.2097610732421875