0 0.02704326953125 0.2974759619140625 0.00225360546875 0.2193509619140625 0 0.2313701923828125 0.02178485546875 0.302734375 0.02704326953125 0.2974759619140625
0 0.084134615234375 0.4364483173828125 0.001502404296875 0.38311298046875 0 0.392127404296875 0.079627404296875 0.443209134765625 0.084134615234375 0.4364483173828125
0 0.1299579326171875 0.531099759765625 0.08563701953125 0.4326923076171875 0.0773737978515625 0.43194110546875 0.1239483173828125 0.538611779296875 0.1299579326171875 0.531099759765625
0 0.17803485546875 0.390625 0.2959735576171875 0.40264423046875 0.296724759765625 0.3936298076171875 0.17803485546875 0.380859375 0.17803485546875 0.390625
0 0.196814904296875 0.4544771630859375 0.3094951923828125 0.4296875 0.30498798046875 0.4191706728515625 0.189302884765625 0.44696514453125 0.196814904296875 0.4544771630859375
0 0.2644230771484375 0.44696514453125 0.35907451953125 0.384615384765625 0.357572115234375 0.37860576953125 0.2584134619140625 0.4424579326171875 0.2644230771484375 0.44696514453125
0 0.3410456728515625 0.460486779296875 0.3936298076171875 0.37109375 0.3861177880859375 0.3620793271484375 0.335787259765625 0.455228365234375 0.3410456728515625 0.460486779296875
0 0.3680889423828125 0.49579326953125 0.3936298076171875 0.3996394228515625 0.384615384765625 0.392127404296875 0.3643329326171875 0.48602764453125 0.3680889423828125 0.49579326953125
0 0.211087740234375 0.6595552880859376 0.1509915869140625 0.504056490234375 0.142728365234375 0.5130709130859376 0.1998197119140625 0.6640625 0.211087740234375 0.6595552880859376
0 0.2155949521484375 0.574669470703125 0.13671875 0.4875300478515625 0.1277043271484375 0.494290865234375 0.21259014453125 0.5814302880859376 0.2155949521484375 0.574669470703125
0 0.389122595703125 0.6317608173828125 0.3816105771484375 0.5123197119140624 0.3680889423828125 0.51006610546875 0.3838641826171875 0.63251201953125 0.389122595703125 0.6317608173828125
0 0.0345552880859375 0.68584735546875 0.00225360546875 0.6610576923828125 0.001502404296875 0.6693209130859376 0.029296875 0.689603365234375 0.0345552880859375 0.68584735546875
0 0.035306490234375 0.818810095703125 0.001502404296875 0.791015625 0 0.79852764453125 0.0338040869140625 0.82256610546875 0.035306490234375 0.818810095703125
0 0.26141826953125 0.875150240234375 0.1690204326171875 0.848106970703125 0.166015625 0.853365384765625 0.26141826953125 0.880408654296875 0.26141826953125 0.875150240234375
0 0.421424279296875 0.83233173046875 0.320763220703125 0.7865084130859376 0.320763220703125 0.7940204326171875 0.4154146630859375 0.8390925478515625 0.421424279296875 0.83233173046875
0 0.58819110546875 0.84735576953125 0.472506009765625 0.849609375 0.4717548076171875 0.85712139453125 0.5866887021484375 0.8548677880859376 0.58819110546875 0.84735576953125
0 0.8954326923828125 0.83759014453125 0.78125 0.838341345703125 0.779747595703125 0.8443509619140624 0.892427884765625 0.843599759765625 0.8954326923828125 0.83759014453125