0 0.181790865234375 0.125450720703125 0.2764423076171875 0.068359375 0.27569110546875 0.060096154296875 0.1810396630859375 0.11493389453125 0.181790865234375 0.125450720703125
0 0.2704326923828125 0.111177884765625 0.2741887021484375 0.113431490234375 0.310997595703125 0.013521634765625 0.3117487978515625 0.01201923046875 0.3034855771484375 0.0090144228515625 0.2704326923828125 0.111177884765625
0 0.072115384765625 0.1607572119140625 0.1847956728515625 0.105919470703125 0.1825420673828125 0.0984074521484375 0.072115384765625 0.1532451923828125 0.072115384765625 0.1607572119140625
0 0.05634014453125 0.4387019228515625 0.018028845703125 0.347806490234375 0.01201923046875 0.3568209130859375 0.0495793271484375 0.447716345703125 0.05634014453125 0.4387019228515625
0 0.0420673076171875 0.423677884765625 0.0090144228515625 0.3290264423828125 0.003756009765625 0.333533654296875 0.0383112978515625 0.4289362978515625 0.0420673076171875 0.423677884765625
0 0.00225360546875 0.48076923046875 0.0383112978515625 0.46123798046875 0.037560095703125 0.4582331728515625 0.0007512021484375 0.477013220703125 0.00225360546875 0.48076923046875
0 0.0420673076171875 0.4597355771484375 0.0007512021484375 0.445462740234375 0 0.45147235546875 0.040564904296875 0.4634915869140625 0.0420673076171875 0.4597355771484375
0 0.193810095703125 0.5205829326171875 0.31024639453125 0.5243389423828125 0.31024639453125 0.519080529296875 0.19305889453125 0.513822115234375 0.193810095703125 0.5205829326171875
0 0.291466345703125 0.5716646630859376 0.3515625 0.480018029296875 0.3448016826171875 0.47626201953125 0.2839543271484375 0.5694110576171875 0.291466345703125 0.5716646630859376
0 0.2238581728515625 0.606971154296875 0.3267728369140625 0.5634014423828125 0.322265625 0.560396634765625 0.223106970703125 0.6002103369140624 0.2238581728515625 0.606971154296875
0 0.150240384765625 0.613731970703125 0.0638521630859375 0.555138220703125 0.0578425478515625 0.562650240234375 0.1419771630859375 0.6197415869140624 0.150240384765625 0.613731970703125
0 0.3583233173828125 0.615234375 0.3838641826171875 0.5070612978515625 0.37860576953125 0.5033052880859376 0.34930889453125 0.615234375 0.3583233173828125 0.615234375
0 0.37860576953125 0.64678485546875 0.39287860546875 0.537109375 0.38311298046875 0.5318509619140624 0.367337740234375 0.638521634765625 0.37860576953125 0.64678485546875
0 0.392127404296875 0.7234074521484375 0.377103365234375 0.6009615380859376 0.3740985576171875 0.6159855771484375 0.3853665869140625 0.73016826953125 0.392127404296875 0.7234074521484375
0 0.3170072119140625 0.8060396630859376 0.2193509619140625 0.69110576953125 0.21484375 0.69561298046875 0.3170072119140625 0.812049279296875 0.3170072119140625 0.8060396630859376
0 0.1216947119140625 0.7962740380859376 0.023287259765625 0.7331730771484375 0.0202824521484375 0.740685095703125 0.11493389453125 0.8037860576171875 0.1216947119140625 0.7962740380859376
0 0.1517427880859375 0.8075420673828125 0.0593449521484375 0.75946514453125 0.054837740234375 0.775240384765625 0.1472355771484375 0.81280048046875 0.1517427880859375 0.8075420673828125
0 0.2666766826171875 0.76923076953125 0.18780048046875 0.68134014453125 0.1825420673828125 0.689603365234375 0.265174279296875 0.777493990234375 0.2666766826171875 0.76923076953125
0 0.0495793271484375 0.77373798046875 0.0066619990234375 0.7526430234375 0.0007512021484375 0.757962740234375 0.0458233173828125 0.777493990234375 0.0495793271484375 0.77373798046875
0 0.045072115234375 0.8345853369140624 0.052584134765625 0.83233173046875 0.0065809521484375 0.7935165458984375 0.0007512021484375 0.8015324521484375 0.045072115234375 0.8345853369140624