0 0.8795793525390625 0.4510990224609375 0.9589582470703125 0.4152935595703125 0.9596879365234375 0.4063544873046875 0.877192603515625 0.443811578125 0.8795793525390625 0.4510990224609375
0 0.8768293466796875 0.4398855283203125 0.8059117021484375 0.532510572265625 0.8095263623046876 0.5407302646484375 0.8849879208984375 0.4401479580078125 0.8768293466796875 0.4398855283203125
0 0.683305482421875 0.384216009765625 0.8001239423828125 0.386668814453125 0.8029340712890625 0.3769389560546875 0.6851774091796875 0.3751427041015625 0.683305482421875 0.384216009765625
0 0.66252691796875 0.40950606640625 0.76369909375 0.4479896650390625 0.7730811025390625 0.4414241416015625 0.66988543359375 0.399579146484375 0.66252691796875 0.40950606640625
0 0.627842287109375 0.35853374609375 0.7008773828125 0.432234322265625 0.7079506630859375 0.4284788037109375 0.631015671875 0.3527299384765625 0.627842287109375 0.35853374609375
0 0.5985195244140625 0.340834318359375 0.623338642578125 0.4363328203125 0.6299060478515625 0.4317369521484375 0.608333861328125 0.332771892578125 0.5985195244140625 0.340834318359375
0 0.5903053017578125 0.3692754423828125 0.5871856064453125 0.468201666015625 0.5936059208984374 0.458931298828125 0.601131384765625 0.3628937158203125 0.5903053017578125 0.3692754423828125
0 0.7934765556640625 0.5029931982421875 0.6909676845703125 0.6505706298828124 0.700501259765625 0.656439806640625 0.798825 0.5129854873046875 0.7934765556640625 0.5029931982421875
0 0.811950865234375 0.488273349609375 0.7110619638671875 0.56544431640625 0.7120046396484375 0.57254796484375 0.818669837890625 0.49611218359375 0.811950865234375 0.488273349609375
0 0.569433333984375 0.4830134140625 0.5278429267578125 0.6010980859375 0.5326810234375 0.60248982421875 0.5830784951171875 0.482422228515625 0.569433333984375 0.4830134140625
0 0.891261697265625 0.6776152275390624 0.8530806943359375 0.6983624765625 0.8570541357421875 0.702748017578125 0.8896059326171875 0.68594008203125 0.891261697265625 0.6776152275390624
0 0.85458740625 0.8071890888671875 0.8140976748046875 0.8307463447265625 0.8144609296875 0.83467239453125 0.85386984375 0.814857392578125 0.85458740625 0.8071890888671875
0 0.6771446669921874 0.84357804296875 0.5805521962890625 0.859218791015625 0.5790390498046875 0.8644579453125 0.6785196689453125 0.8491847919921875 0.6771446669921874 0.84357804296875
0 0.5490185810546875 0.76364165625 0.4390796064453125 0.7969827900390625 0.442910431640625 0.80445403125 0.5468569423828125 0.7711261630859375 0.5490185810546875 0.76364165625
0 0.3850093115234375 0.807948078125 0.27446407421875 0.79155040625 0.2737465107421875 0.7992187080078125 0.3835697109375 0.815524484375 0.3850093115234375 0.807948078125
0 0 0.752859013671875 0.091209244140625 0.76512256640625 0.0914944794921875 0.7589511630859375 0 0.746657919921875 0 0.752859013671875