0 1 0.3871084111328125 0.9217164765625 0.344010830078125 0.9186022041015625 0.3495191416015625 1 0.402256841796875 1 0.3871084111328125
0 0.9747721796875 0.35670223828125 0.9351146416015625 0.2553240400390625 0.9261773916015625 0.25673532421875 0.9217979560546875 0.2620134306640625 0.9677905859375 0.361940787109375 0.9747721796875 0.35670223828125
0 0.948887759765625 0.2586980244140625 0.9142121689453125 0.140869248046875 0.9076615751953125 0.1435826591796875 0.9429651083984375 0.2628274755859375 0.948887759765625 0.2586980244140625
0 0.7548900654296875 0.0476580791015625 0.7477393740234375 0.041149826171875 0.6506229482421875 0.0573250166015625 0.6567772509765625 0.067123384765625 0.7548900654296875 0.0476580791015625
0 0.7347261708984375 0.0613461787109375 0.7289935888671875 0.0516245458984375 0.6293468388671875 0.0673393232421875 0.6327645966796875 0.075337974609375 0.7347261708984375 0.0613461787109375
0 0.5166974873046875 0.317178453125 0.5407593193359375 0.1965856884765625 0.533608626953125 0.190077435546875 0.508837740234375 0.312276890625 0.5166974873046875 0.317178453125
0 0.524857353515625 0.0604765693359375 0.5176348271484374 0.054389173828125 0.441184767578125 0.132904939453125 0.447707517578125 0.1379971513671875 0.524857353515625 0.0604765693359375
0 0.5553844306640625 0.3554606103515625 0.469101134765625 0.2725019580078125 0.462244646484375 0.282102541015625 0.548877830078125 0.365558787109375 0.5553844306640625 0.3554606103515625
0 0.45498536328125 0.20744797265625 0.4417683515625 0.2059108837890625 0.4719394033203125 0.32465573046875 0.4782212216796875 0.318421998046875 0.4548416962890625 0.2082896845703125 0.45498536328125 0.20744797265625
0 0.5166438505859375 0.3913702314453125 0.519776685546875 0.380658171875 0.4120619228515625 0.3315515478515625 0.410122416015625 0.3429146708984375 0.5166438505859375 0.3913702314453125
0 0.4831749619140625 0.3887517109375 0.4858142421875 0.3783837724609375 0.3813271669921875 0.351126880859375 0.3783379990234375 0.3609972294921875 0.4831749619140625 0.3887517109375
0 0.41857298046875 0.35963976953125 0.293491009765625 0.3485961181640625 0.2974648759765625 0.3584316640625 0.4172706962890625 0.3698170595703125 0.41857298046875 0.35963976953125
0 0.2678382412109375 0.2645197236328125 0.3661366669921875 0.193016935546875 0.3575983251953125 0.1837934580078125 0.2590817802734375 0.2546817998046875 0.2678382412109375 0.2645197236328125
0 0.37593833203125 0.16616123828125 0.365413873046875 0.1590391025390625 0.2693330078125 0.2200972158203125 0.2780269150390625 0.227754123046875 0.37593833203125 0.16616123828125
0 0.326314125 0.1970530048828125 0.217410126953125 0.26445638671875 0.228634359375 0.2725737080078125 0.330566044921875 0.207807 0.326314125 0.1970530048828125
0 0.2733515927734375 0.0793681875 0.3472019521484375 0.0020199619140625 0.3303271748046875 0.001921787109375 0.2695028330078125 0.07389467578125 0.2733515927734375 0.0793681875
0 0.2579864443359375 0.1082490537109375 0.326954486328125 0.0175236962890625 0.321481396484375 0.013924259765625 0.24935508984375 0.1027731650390625 0.2579864443359375 0.1082490537109375
0 0.62387063671875 0.05729949609375 0.6112924638671875 0.0170268427734375 0.599725677734375 0.0133496748046875 0.6065401591796875 0.062628265625 0.62387063671875 0.05729949609375
0 0.6347826201171874 0.0201546171875 0.6139685234375 0.0564892509765625 0.6207401376953126 0.059177705078125 0.6429009990234374 0.021205775390625 0.6347826201171874 0.0201546171875
0 0.3133423076171875 0.0121600654296875 0.3198234951171875 0.0018606787109375 0.306444111328125 0.00178283984375 0.30109368359375 0.0090493984375 0.3133423076171875 0.0121600654296875