0 0.51331857421875 0.2846010576171875 0.4768032373046875 0.17496920703125 0.469115203125 0.1825376064453125 0.503481513671875 0.2876678154296875 0.51331857421875 0.2846010576171875
0 0.490919607421875 0.246361189453125 0.5754498740234375 0.326371216796875 0.5731259765625 0.3293941982421875 0.5816352744140625 0.318811572265625 0.4992190634765625 0.244808111328125 0.490919607421875 0.246361189453125
0 0.565245583984375 0.3452396826171875 0.467435185546875 0.3194769814453125 0.46130224609375 0.3247792392578125 0.5620479599609375 0.35353427734375 0.565245583984375 0.3452396826171875
0 0.528193171875 0.00012216796875 0.469047138671875 0.0884929580078125 0.470392388671875 0.0952563623046875 0.53252619921875 0.0076205244140625 0.528193171875 0.00012216796875
0 0.5473901171875 0.2731171259765625 0.5568974365234375 0.15494115234375 0.5508344453125 0.1572335615234375 0.539859466796875 0.273913365234375 0.5473901171875 0.2731171259765625
0 0.4402522978515625 0.0991937822265625 0.3389457412109375 0.159220533203125 0.344728939453125 0.168967521484375 0.4400774267578125 0.106718404296875 0.4402522978515625 0.0991937822265625
0 0.3870999375 0.15593051171875 0.27522248828125 0.2182759375 0.2825083212890625 0.2280141708984375 0.396762126953125 0.160388375 0.3870999375 0.15593051171875
0 0.4099716826171875 0.1415023984375 0.3142209921875 0.2210581474609375 0.3162301220703125 0.2315794853515625 0.41122949609375 0.1520281142578125 0.4099716826171875 0.1415023984375
0 0.29976781640625 0 0.2524413203125 0.067184244140625 0.25750817578125 0.0754306845703125 0.3094540966796875 0 0.29976781640625 0
0 0.257577033203125 0 0.2530015341796875 0.0107539521484375 0.2558843896484375 0.016003677734375 0.26324599609375 0 0.257577033203125 0
0 0.205709802734375 0 0.197421609375 0.010325439453125 0.201038294921875 0.0163232490234375 0.2147906962890625 0 0.205709802734375 0
0 0.1008396044921875 0.6105194052734375 0.10094641015625 0.5089501337890625 0.0949358798828125 0.5089851552734375 0.0940777568359375 0.6105588046875 0.1008396044921875 0.6105194052734375
0 0.16440107421875 0.78469665625 0.1678410048828125 0.895273587890625 0.17390399609375 0.8929811796875 0.1742031611328125 0.7831348212890625 0.1650299814453125 0.7899595146484375 0.16440107421875 0.78469665625
0 1 0.2235009873046875 0.9574714736328125 0.147340603515625 0.9505697294921875 0.153399701171875 1 0.236798458984375 1 0.2235009873046875
0 1 0.2556393935546875 0.954761603515625 0.2316207548828125 0.9514415703125 0.2451825859375 0.9521928876953125 0.2451782080078125 1 0.2657822001953125 1 0.2556393935546875
0 0.9678150322265625 0.1548039384765625 0.9291856416015625 0.0391655244140625 0.9201523583984375 0.03997051953125 0.9678150322265625 0.1548039384765625
0 0.644655775390625 0 0.62874715625 0.0048027919921875 0.63308018359375 0.0123011494140625 0.6717593212890625 0 0.644655775390625 0
0 0.535734400390625 0.3544399599609375 0.422810240234375 0.332527125 0.4225304462890625 0.3445665205078125 0.534056896484375 0.361973337890625 0.535734400390625 0.3544399599609375
0 0.4511504169921875 0.3413903193359375 0.3193552841796875 0.355700736328125 0.327462380859375 0.3624247421875 0.456182298828125 0.3511416845703125 0.4511504169921875 0.3413903193359375