0 0.3920077451171875 0.241656099609375 0.3247595546875 0.2744600947265625 0.329680154296875 0.283754560546875 0.3958348779296875 0.2509505654296875 0.3920077451171875 0.241656099609375
0 0.083103455078125 0.31327815625 0.0464723271484375 0.203384771484375 0.0311637958984375 0.2066651708984375 0.0749024560546875 0.3165585556640625 0.083103455078125 0.31327815625
0 0.0847436552734375 0.295235958984375 0.16839384375 0.388727345703125 0.1716742431640625 0.3750590146484375 0.0902109873046875 0.2864882265625 0.0847436552734375 0.295235958984375
0 0.160739578125 0.2498570986328125 0.28867516015625 0.272273162109375 0.290315359375 0.262978697265625 0.165113443359375 0.2405626328125 0.160739578125 0.2498570986328125
0 0.3017967578125 0.279927427734375 0.1793285087890625 0.287581693359375 0.17768830859375 0.2968761591796875 0.302890224609375 0.2881284267578125 0.3017967578125 0.279927427734375
0 0.253137498046875 0.287581693359375 0.2498570986328125 0.3007032919921875 0.3624841494140625 0.30398369140625 0.35920375 0.2908620927734375 0.253137498046875 0.287581693359375
0 0.3559233505859375 0.337334419921875 0.367951482421875 0.342801751953125 0.400208744140625 0.256964630859375 0.3876338798828125 0.255324431640625 0.3559233505859375 0.337334419921875
0 0.1131737841796875 0.3050771572265625 0.1000521865234375 0.30398369140625 0.123014982421875 0.41825094140625 0.13777678125 0.419344408203125 0.1131737841796875 0.3050771572265625
0 0.367951482421875 0.411690142578125 0.3690449482421875 0.4133303427734375 0.377245947265625 0.5347051259765625 0.3898208125 0.53306492578125 0.3805263466796875 0.4122368759765625 0.367951482421875 0.411690142578125
0 0.218693302734375 0.5259573935546875 0.142150646484375 0.4401202724609375 0.136683314453125 0.4516016708984375 0.2088521044921875 0.5325181923828125 0.218693302734375 0.5259573935546875
0 0.203384771484375 0.545639791015625 0.1924501064453125 0.549466923828125 0.211039037109375 0.66318744140625 0.2241606357421875 0.6610005078125 0.203384771484375 0.545639791015625
0 0.11262705078125 0.515022728515625 0.1793285087890625 0.6003131162109375 0.18534257421875 0.59429905078125 0.12028131640625 0.512835794921875 0.11262705078125 0.515022728515625
0 0.3531896845703125 0.68232310546875 0.4013022109375 0.7703471591796875 0.4034891435546875 0.753945162109375 0.35920375 0.6757623056640625 0.3531896845703125 0.68232310546875
0 0.3302268876953125 0.824473751953125 0.23126816796875 0.746290896484375 0.2318149013671875 0.7550386279296875 0.32694648828125 0.8337682177734375 0.3302268876953125 0.824473751953125
0 0.4171574755859375 0.8507169482421875 0.5347051259765625 0.8736797451171875 0.5336116591796874 0.8632918134765625 0.413877076171875 0.83868881640625 0.4171574755859375 0.8507169482421875
0 0.535251859375 0.80041748828125 0.6653743740234375 0.8058848212890625 0.6637341748046875 0.796043623046875 0.5412659248046875 0.7944034228515625 0.535251859375 0.80041748828125
0 0.060140658203125 0.247670166015625 0.0005467333984375 0.2143194365234375 0.0005467333984375 0.2241606357421875 0.0557667919921875 0.253137498046875 0.060140658203125 0.247670166015625
0 0.029516642578125 0.7411674580078125 0.0027112529296875 0.731134412109375 0.000850796875 0.739264638671875 0.0278221103515625 0.75024026953125 0.029516642578125 0.7411674580078125
0 0 0.7122721435546875 0.0239458662109375 0.7293939853515625 0.0323973486328125 0.724063267578125 0 0.7022143857421875 0 0.7122721435546875
0 0 0.7979731396484375 0.02197244140625 0.8200585498046875 0.028213970703125 0.80906173828125 0 0.787166962890625 0 0.7979731396484375
0 0.93242752734375 0.7959959130859375 0.9990234375 0.832235560546875 0.9990234375 0.8175136279296875 0.9376482626953125 0.7881206806640625 0.93242752734375 0.7959959130859375