0 0.429856125 1 0.37451500390625 0.9144604970703125 0.368945232421875 0.91979900390625 0.4168268720703125 1 0.429856125 1
0 0.3843964052734375 0.971485 0.386750279296875 0.9629503056640625 0.28100712109375 0.9167568232421875 0.281580537109375 0.9214869091796875 0.28151123046875 0.9266903388671875 0.3843964052734375 0.971485
0 0.27701823046875 0.9448381474609375 0.2785900087890625 0.945329353515625 0.286729158203125 0.9343888720703125 0.1688473408203125 0.9012569833984375 0.1670646083984375 0.9089588623046875 0.27701823046875 0.9448381474609375
0 0.08080454296875 0.642321279296875 0.0629870849609375 0.743445974609375 0.071773509765625 0.743157955078125 0.075909357421875 0.7250670810546875 0.0901651435546875 0.648617646484375 0.08080454296875 0.642321279296875
0 0.096943470703125 0.6289928740234375 0.0885835048828125 0.6240205283203125 0.0716212421875 0.7201873974609375 0.07562378515625 0.7254834892578125 0.096943470703125 0.6289928740234375
0 0.2914642822265625 0.460385580078125 0.3743663212890625 0.5510175205078125 0.3807935634765625 0.5462840888671875 0.299892796875 0.4583001953125 0.2914642822265625 0.460385580078125
0 0.3352722109375 0.5045840595703125 0.211556291015625 0.52912751171875 0.21584440625 0.5340071943359375 0.3364190458984375 0.5140442314453125 0.3352722109375 0.5045840595703125
0 0.396425345703125 0.5156049638671875 0.4073539326171875 0.5131210341796875 0.3623771708984375 0.40568765625 0.3498775654296875 0.4095346806640625 0.396425345703125 0.5156049638671875
0 0.3368318505859375 0.475406451171875 0.3398261728515625 0.4608355107421875 0.221804224609375 0.4344018798828125 0.2226662470703125 0.4461327607421875 0.3368318505859375 0.475406451171875
0 0.0707488759765625 0.5085514921875 0.0786107978515625 0.518424728515625 0.15765904296875 0.443514818359375 0.1502981962890625 0.43615789453125 0.0707488759765625 0.5085514921875
0 0.3963408671875 0.4837223759765625 0.4069838828125 0.481654853515625 0.3753657158203125 0.3746881298828125 0.3664376435546875 0.3779658046875 0.3963408671875 0.4837223759765625
0 0.374547966796875 0.2965618896484375 0.3609731083984375 0.2913082138671875 0.37330955078125 0.41247523046875 0.382526228515625 0.4161983515625 0.374547966796875 0.2965618896484375
0 0.2744507119140625 0.256515177734375 0.26702055859375 0.2543616826171875 0.197768478515625 0.35255920703125 0.205344072265625 0.36099455078125 0.278667244140625 0.2610353876953125 0.2744507119140625 0.256515177734375
0 0.179415806640625 0.36772405078125 0.2400946923828125 0.26718436328125 0.2350222060546875 0.2657676787109375 0.1716285009765625 0.365627490234375 0.179415806640625 0.36772405078125
0 0.2742207939453125 0.218350740234375 0.2106146171875 0.3226950361328125 0.224259541015625 0.32459958203125 0.2800806865234375 0.22372162890625 0.2742207939453125 0.218350740234375
0 0.1136442294921875 0.2428361171875 0.0342350390625 0.3085314580078125 0.039452966796875 0.3162299921875 0.122148119140625 0.250381708984375 0.1136442294921875 0.2428361171875
0 0.086578232421875 0.2623570537109375 0.0132599306640625 0.3254220107421875 0.0139131083984375 0.34145213671875 0.0922957197265625 0.268863298828125 0.086578232421875 0.2623570537109375
0 0.0232272841796875 0.29211290625 0.01221843359375 0.2998618291015625 0.012522626953125 0.307327267578125 0.0246581728515625 0.297448068359375 0.0232272841796875 0.29211290625
0 0.035200291015625 0.605756421875 0.071914083984375 0.61394041796875 0.0756354794921875 0.60543467578125 0.0338968037109375 0.59464276953125 0.035200291015625 0.605756421875
0 0.04080569140625 0.63390568359375 0.0806694912109375 0.616968640625 0.072767662109375 0.6082118583984375 0.03940859375 0.626889724609375 0.04080569140625 0.63390568359375