0 0.7357727646484375 0.2713983662109375 0.7693490419921875 0.336985083984375 0.777660892578125 0.3284549033203125 0.74602001953125 0.2660369814453125 0.7357727646484375 0.2713983662109375
0 0.758905099609375 0.331069060546875 0.677559412109375 0.302416109375 0.6756052392578125 0.3251214853515625 0.7547614677734376 0.336038990234375 0.758905099609375 0.331069060546875
0 0.72655230078125 0.308682296875 0.7268674091796875 0.1919985185546875 0.7147093349609375 0.195600783203125 0.717227673828125 0.3130436728515625 0.72655230078125 0.308682296875
0 0.741862373046875 0.243253169921875 0.7293368203125 0.117984576171875 0.720077755859375 0.12610508984375 0.7321501904296875 0.2523435791015625 0.741862373046875 0.243253169921875
0 0.7700530166015624 0.1078465576171875 0.747267017578125 0.2297348486328125 0.7572250595703125 0.2347412001953125 0.7761894208984375 0.10933466796875 0.7700530166015624 0.1078465576171875
0 0.745829521484375 0 0.7036626259765625 0.020373078125 0.708505236328125 0.0285300126953125 0.7734067275390625 0 0.745829521484375 0
0 0.6307972021484375 0.1275973505859375 0.7293193623046875 0.03613303125 0.7216433046875 0.0272169833984375 0.6310536337890625 0.1153500478515625 0.6307972021484375 0.1275973505859375
0 0.71416155859375 0.05639230078125 0.7130340478515625 0.0456450087890625 0.5956461142578126 0.0795170849609375 0.597259525390625 0.0911740498046875 0.71416155859375 0.05639230078125
0 0.573890591796875 0.098788248046875 0.5653164921875 0.092281884765625 0.4872150830078125 0.1687944072265625 0.503787234375 0.1757286494140625 0.573890591796875 0.098788248046875
0 0.48701815234375 0.3461544765625 0.6066447177734375 0.3328372001953125 0.60270436328125 0.3204187939453125 0.4816814462890625 0.3366179765625 0.48701815234375 0.3461544765625
0 0.5014655830078125 0.0695631669921875 0.424641578125 0.138467080078125 0.433199287109375 0.1440336591796875 0.5105747548828125 0.0797985546875 0.5014655830078125 0.0695631669921875
0 0.4741859296875 0.1494020751953125 0.35895705078125 0.172316076171875 0.364408490234375 0.1884310625 0.4781632783203125 0.161848263671875 0.4741859296875 0.1494020751953125
0 0.334751951171875 0.3206387685546875 0.253481087890625 0.37712660546875 0.2606794404296875 0.385602873046875 0.3462414521484375 0.3326031630859375 0.334751951171875 0.3206387685546875
0 0.203070408203125 0.2895691015625 0.284600080078125 0.1940200029296875 0.2759768076171875 0.1846942880859375 0.1963333701171875 0.2805928291015625 0.203070408203125 0.2895691015625
0 0.16656684765625 0.3525941337890625 0.1429565654296875 0.481121138671875 0.157380232421875 0.472669392578125 0.1775294716796875 0.361299396484375 0.16656684765625 0.3525941337890625
0 0.2224474912109375 0.6190299326171875 0.2222766982421875 0.501436482421875 0.21572401953125 0.5047330712890625 0.211195654296875 0.6206924052734375 0.2224474912109375 0.6190299326171875
0 0.1987079384765625 0 0.1957774677734375 0.00555436328125 0.2024119365234375 0.0077009296875 0.208055556640625 0 0.1987079384765625 0
0 0.237399125 0.8747575927734375 0.22741026953125 0.8746571337890625 0.2118166552734375 0.9790051171875 0.2251043935546875 0.97815290625 0.237399125 0.8747575927734375