0 0.8710217509765625 0.742248087890625 0.8614075263671875 0.748666486328125 0.8661223203125 0.8418887978515625 0.8767765244140625 0.840043537109375 0.8710217509765625 0.742248087890625
0 0.882217646484375 0.8291085146484375 0.8761168544921875 0.7654830234375 0.8692218720703125 0.7678115029296875 0.8775021337890625 0.8457244013671875 0.882217646484375 0.8291085146484375
0 0.7528531572265625 0.63279646484375 0.6320552451171875 0.5971381396484375 0.6287072685546875 0.603443509765625 0.745117224609375 0.6408340673828125 0.7528531572265625 0.63279646484375
0 0.90577745703125 0.6554771845703125 0.91257292578125 0.64800757421875 0.8388651455078125 0.568611533203125 0.8318601005859375 0.576819626953125 0.905933322265625 0.6563009140625 0.90577745703125 0.6554771845703125
0 0.6218993291015625 0.5148508525390625 0.612712173828125 0.5115267255859375 0.54348683203125 0.60442965625 0.554603353515625 0.610565958984375 0.6218993291015625 0.5148508525390625
0 0.6310953564453124 0.5634509267578125 0.632339638671875 0.5727959541015625 0.7494205322265625 0.563888083984375 0.74839110546875 0.5482942021484375 0.6310953564453124 0.5634509267578125
0 0.6724626123046875 0.552235234375 0.5721393515625 0.6201681494140625 0.57719656640625 0.6284341826171875 0.6820099345703124 0.5611549794921875 0.6724626123046875 0.552235234375
0 0.5502523251953125 0.573725587890625 0.560954966796875 0.5758284853515625 0.60580304296875 0.4740896298828125 0.5969786943359375 0.47360593359375 0.5910620634765625 0.49033532421875 0.5502523251953125 0.573725587890625
0 0.5865719560546875 0.489681611328125 0.598061833984375 0.4876376025390625 0.619583173828125 0.370615216796875 0.61075882421875 0.370131521484375 0.5865719560546875 0.489681611328125
0 0.798720828125 0.4478340390625 0.83417601171875 0.557675560546875 0.8445721982421875 0.5526206279296875 0.8124623544921875 0.439228921875 0.798720828125 0.4478340390625
0 0.748788916015625 0.4054790205078125 0.7999123564453124 0.5122827841796875 0.810206392578125 0.50484190625 0.7547997861328125 0.399401130859375 0.748788916015625 0.4054790205078125
0 0.7657947333984375 0.3688962861328125 0.7904345732421875 0.485269708984375 0.80082812109375 0.4829699619140625 0.777598978515625 0.3657445517578125 0.7657947333984375 0.3688962861328125
0 0.921298236328125 0.370132240234375 0.9662621923828125 0.420545677734375 0.96798142578125 0.400894748046875 0.9302890009765625 0.360418921875 0.921298236328125 0.370132240234375
0 0.5328882509765624 0.11181841015625 0.6356825712890625 0.13540335546875 0.6384044521484376 0.12855825 0.533890341796875 0.1014226474609375 0.5328882509765624 0.11181841015625
0 0.2343979130859375 0.1256515595703125 0.3495741396484375 0.1426763466796875 0.3498964189453125 0.1333030625 0.2367596259765625 0.113210837890625 0.2343979130859375 0.1256515595703125
0 0.90375906640625 0.753203748046875 0.8866746123046875 0.7425163505859375 0.88341262109375 0.754010515625 0.9021124150390625 0.75900599609375 0.90375906640625 0.753203748046875
0 0.0823585263671875 0.0422326572265625 0.0775422119140625 0.0592037373046875 0.1728620927734375 0.0973616806640625 0.1757025859375 0.0873527333984375 0.0823585263671875 0.0422326572265625