0 0.3047106416015625 0.019072796875 0.2647485908203125 0.11716146875 0.278826130859375 0.119886154296875 0.3169717255859375 0.0127151982421875 0.3047106416015625 0.019072796875
0 0.2724685322265625 0.0617595341796875 0.174833974609375 0.12261083984375 0.1839162587890625 0.134871923828125 0.280642587890625 0.0712959326171875 0.2724685322265625 0.0617595341796875
0 0.1852786015625 0.110349755859375 0.1789210029296875 0.1003592421875 0.070841818359375 0.157577634765625 0.076291189453125 0.16438934765625 0.1852786015625 0.110349755859375
0 0.0031787998046875 0.3355904091796875 0.0390538232421875 0.4282297099609375 0.0440490791015625 0.4236885673828125 0.006811712890625 0.3310492666015625 0.0031787998046875 0.3355904091796875
0 0.0136234267578125 0.3551173203125 0.049952564453125 0.4473025068359375 0.0590348486328125 0.4463942783203125 0.0213433681640625 0.35330086328125 0.0136234267578125 0.3551173203125
0 0.1857327158203125 0.5267724951171875 0.31379292578125 0.5276807236328125 0.312430583984375 0.5122408408203125 0.1925444296875 0.5136031826171875 0.1857327158203125 0.5267724951171875
0 0.059488962890625 0.5522028916015626 0.0563101630859375 0.5635557470703125 0.1471330078125 0.6266776240234375 0.150311806640625 0.618503568359375 0.059488962890625 0.5522028916015626
0 0.3478514931640625 0.4745493603515625 0.280642587890625 0.57445448828125 0.291995443359375 0.5767250595703125 0.3610208046875 0.4795446162109375 0.3478514931640625 0.4745493603515625
0 0.329686923828125 0.5635557470703125 0.3283245810546875 0.5567440341796875 0.2175207119140625 0.6048801416015624 0.217974826171875 0.6057883701171874 0.21933716796875 0.613054197265625 0.329686923828125 0.5635557470703125
0 0.3764606884765625 0.5058832412109375 0.3501220634765625 0.61986591015625 0.360112576171875 0.6212282529296875 0.386451201171875 0.5081538125 0.3764606884765625 0.5058832412109375
0 0.3914464580078125 0.53857946484375 0.3828182880859375 0.53857946484375 0.3737360029296875 0.652562134765625 0.38327240234375 0.65165390625 0.3914464580078125 0.53857946484375
0 0.37237366015625 0.609421283203125 0.382364173828125 0.7324862373046875 0.391900572265625 0.7343026943359375 0.383726515625 0.6076048271484376 0.37237366015625 0.609421283203125
0 0.0544937060546875 0.7651824609375 0.1543988349609375 0.8146809111328125 0.1603023193359375 0.8069609697265625 0.0554019345703125 0.7556460625 0.0544937060546875 0.7651824609375
0 0.019072796875 0.7402061787109375 0.11716146875 0.8051445126953125 0.1244272958984375 0.7987869130859375 0.025430396484375 0.7343026943359375 0.019072796875 0.7402061787109375
0 0.0513149072265625 0.777443544921875 0.0022705712890625 0.75019669140625 0 0.7620036611328125 0.0431408505859375 0.7842552587890625 0.0513149072265625 0.777443544921875
0 0 0.801965712890625 0.0490443359375 0.8369325078125 0.0549478203125 0.8310290234375 0 0.7892505146484375 0 0.801965712890625
0 0.223878310546875 0.69161595703125 0.21343368359375 0.7006982421875 0.2988071572265625 0.7824388017578126 0.3056188701171875 0.773810630859375 0.223878310546875 0.69161595703125
0 0.1866409443359375 0.694340642578125 0.2724685322265625 0.782892916015625 0.2761014462890625 0.774718859375 0.1952691142578125 0.686620701171875 0.1866409443359375 0.694340642578125
0 0.2343229375 0.7288533232421875 0.3169717255859375 0.818767939453125 0.3246916669921875 0.8137726826171875 0.24204287890625 0.7211333818359374 0.2343229375 0.7288533232421875
0 0.03562028125 0.458594212890625 0.0000298115234375 0.4757978017578125 0.0030224384765625 0.48630066015625 0.0420802275390625 0.464586345703125 0.03562028125 0.458594212890625
0 0 0.45203566015625 0.0422980810546875 0.46894342578125 0.0430296123046875 0.45861255859375 0 0.4435599912109375 0 0.45203566015625