0 0.6679929912109375 0.755143595703125 0.684714173828125 0.8769435244140625 0.6910543955078124 0.8758397685546875 0.67709735546875 0.754868138671875 0.6679929912109375 0.755143595703125
0 0.70628046875 1 0.7064077314453125 0.9968764375 0.6032786640625 0.95289819140625 0.6003153916015626 0.9569574228515625 0.702039740234375 1 0.70628046875 1
0 0.679398568359375 1 0.6686354638671875 0.9797270283203126 0.6642474462890625 0.9844194365234376 0.6718821455078124 1 0.679398568359375 1
0 0.651051357421875 0.7417626611328125 0.632366150390625 0.857016537109375 0.6408292626953125 0.8553121220703125 0.6564089580078125 0.7476085693359374 0.651051357421875 0.7417626611328125
0 0.6302918720703125 0.94226423828125 0.542861041015625 0.8563450634765625 0.5378033251953125 0.8603067333984376 0.6276569306640625 0.9554328310546875 0.6302918720703125 0.94226423828125
0 0.493566384765625 0.898819685546875 0.6084347587890625 0.9293538818359375 0.61631351171875 0.924824072265625 0.50307755859375 0.8894789345703125 0.493566384765625 0.898819685546875
0 0.6480264365234375 0.6786628310546875 0.633643904296875 0.791318955078125 0.6386447265625 0.788753720703125 0.657216142578125 0.67629271875 0.6480264365234375 0.6786628310546875
0 0.69267705078125 0.6471645849609375 0.6501517021484375 0.7123399228515624 0.661963314453125 0.7142892001953125 0.7052437041015625 0.6477499462890625 0.69267705078125 0.6471645849609375
0 0.66809965234375 0.6495174765625 0.5958360615234375 0.672034517578125 0.6032312099609375 0.6793744228515625 0.6764205283203125 0.651304154296875 0.66809965234375 0.6495174765625
0 0.5299672119140625 0.6577736162109376 0.4165389921875 0.643396005859375 0.4141031826171875 0.651677068359375 0.5318340751953125 0.663456923828125 0.5299672119140625 0.6577736162109376
0 0.4609940693359375 0.87421751171875 0.3822124462890625 0.799194375 0.37491805078125 0.8065495791015626 0.457247306640625 0.8803388779296875 0.4609940693359375 0.87421751171875
0 0.38837369921875 0.88832341015625 0.3148643349609375 0.821240837890625 0.307513044921875 0.829992478515625 0.3833159833984375 0.8922850810546875 0.38837369921875 0.88832341015625
0 0.3415207626953125 0.8021957421875 0.2360981220703125 0.7630074658203125 0.2302000224609375 0.7704277099609375 0.343971984375 0.8107044453125 0.3415207626953125 0.8021957421875
0 0.208966421875 1 0.2057660791015625 0.992443982421875 0.1988415 0.9907223447265625 0.2020258056640625 1 0.208966421875 1
0 0.2198657060546875 1 0.2026297470703125 0.966414775390625 0.1961757353515625 0.9703114072265625 0.211856685546875 1 0.2198657060546875 1
0 0.1008554296875 0.528656572265625 0.110936505859375 0.6417526767578124 0.1219077333984375 0.6471605283203125 0.11350742578125 0.52714727734375 0.1008554296875 0.528656572265625
0 0.11055596875 0.29056405078125 0.1184857080078125 0.404959033203125 0.123372740234375 0.405186673828125 0.11477330078125 0.2900609521484375 0.11055596875 0.29056405078125
0 0.1780154931640625 0.2314469658203125 0.173991384765625 0.347383763671875 0.182539837890625 0.34358469140625 0.1863363681640625 0.233233642578125 0.1780154931640625 0.2314469658203125
0 0.14738990234375 1 0.139442072265625 0.989354578125 0.1357806513671875 0.9933812880859375 0.14017524609375 1 0.14738990234375 1