0 0.0452710341796875 0.286456369140625 0.087419927734375 0.395731279296875 0.0944447431640625 0.390267533203125 0.049954244140625 0.2809926240234375 0.0452710341796875 0.286456369140625
0 0.291139580078125 0.3020670712890625 0.16703450390625 0.290359044921875 0.16703450390625 0.2998466669921875 0.291920115234375 0.3192388427734375 0.291139580078125 0.3020670712890625
0 0.3020670712890625 0.3293857978515625 0.1795230654296875 0.3434354296875 0.1795230654296875 0.3520213154296875 0.3012865361328125 0.33797168359375 0.3020670712890625 0.3293857978515625
0 0.253673896484375 0.356704525390625 0.3691930869140625 0.3317274033203125 0.3637293408203125 0.3200193779296875 0.2450880107421875 0.3434354296875 0.253673896484375 0.356704525390625
0 0.3325079384765625 0.3504602451171875 0.4019755595703125 0.2841147646484375 0.389486998046875 0.2794315537109375 0.321580447265625 0.341874359375 0.3325079384765625 0.3504602451171875
0 0.3871453935546875 0.30909188671875 0.359046130859375 0.396511814453125 0.3723152265625 0.3996339541015625 0.4011950244140625 0.30675028125 0.3871453935546875 0.30909188671875
0 0.3684125517578125 0.44490498828125 0.37465683203125 0.5729127392578125 0.389486998046875 0.5705711337890625 0.3871453935546875 0.44334391796875 0.3684125517578125 0.44490498828125
0 0.0967863486328125 0.3668514814453125 0.1771814599609375 0.4542714091796875 0.188889486328125 0.4495881982421875 0.10615276953125 0.358265595703125 0.0967863486328125 0.3668514814453125
0 0.1600096884765625 0.497200837890625 0.120982935546875 0.3754373671875 0.1084943740234375 0.37621790234375 0.1443989873046875 0.5011035126953125 0.1600096884765625 0.497200837890625
0 0.2482101513671875 0.6228669833984375 0.1771814599609375 0.5370081259765624 0.1646928994140625 0.54403294140625 0.236502125 0.633013939453125 0.2482101513671875 0.6228669833984375
0 0.1662539697265625 0.6135005625 0.153765408203125 0.6205253779296875 0.224343650390625 0.7073909072265625 0.23572158984375 0.699359419921875 0.1662539697265625 0.6135005625
0 0.2466490810546875 0.6962372802734375 0.3083113515625 0.7961457685546875 0.3184583076171875 0.7859988125 0.254454431640625 0.6907735341796875 0.2466490810546875 0.6962372802734375
0 0.7750713212890625 0.802390048828125 0.906201212890625 0.803170583984375 0.8976153271484375 0.7953652333984375 0.7781934619140625 0.7914625576171875 0.7750713212890625 0.802390048828125
0 0.7774129267578125 0.8601496435546875 0.8960542568359375 0.8663939248046875 0.8944931865234375 0.85390536328125 0.7820961376953125 0.8445389423828125 0.7774129267578125 0.8601496435546875
0 0.54403294140625 0.869516064453125 0.6712601572265625 0.872638205078125 0.6736017626953125 0.85702750390625 0.54871615234375 0.85234429296875 0.54403294140625 0.869516064453125
0 0.0676523203125 0.3278303134765625 0.0739423232421875 0.3180745302734375 0.0008689912109375 0.2780771748046875 0.000162935546875 0.2802089189453125 0 0.2878940595703125 0.0676523203125 0.3278303134765625
0 0.01653459375 0.1935236552734375 0.001737982421875 0.1425145517578125 0 0.1563708876953125 0.00960303125 0.193975123046875 0.01653459375 0.1935236552734375
0 0.085918107421875 0.781470861328125 0.0191415673828125 0.7373661650390625 0.016700923828125 0.7490669951171876 0.08305994140625 0.78667801953125 0.085918107421875 0.781470861328125
0 0.0302890947265625 0.8092140830078125 0.001737982421875 0.7881749921875 0 0.797279033203125 0.024959734375 0.8188782158203125 0.0302890947265625 0.8092140830078125
0 0.024800193359375 0.7412562578125 0.0008689912109375 0.7325595576171875 0 0.7454450673828125 0.0178245029296875 0.7536597490234375 0.024800193359375 0.7412562578125