0 0.1736886162109375 0.380859375 0.2943638388671875 0.3934151787109375 0.2950613837890625 0.3871372763671875 0.1722935263671875 0.3745814736328125 0.1736886162109375 0.380859375
0 0.194614955078125 0.4506138388671875 0.1953125 0.445033482421875 0.3048270087890625 0.420619419921875 0.3048270087890625 0.414341517578125 0.1918247763671875 0.438755580078125 0.194614955078125 0.4506138388671875
0 0.264369419921875 0.435267857421875 0.3592354912109375 0.3794642861328125 0.3592354912109375 0.3738839287109375 0.263671875 0.4275948662109375 0.264369419921875 0.435267857421875
0 0.341099330078125 0.4464285712890625 0.3878348212890625 0.3676060263671875 0.381556919921875 0.361328125 0.3348214287109375 0.4471261162109375 0.341099330078125 0.4464285712890625
0 0.0258091513671875 0.288783482421875 0.0027901787109375 0.21484375 0 0.2218191962890625 0.0174386162109375 0.2908761162109375 0.0258091513671875 0.288783482421875
0 0.0721115166015625 0.420307123046875 0.1188123076171875 0.5288177861328125 0.1270536240234375 0.5240103515625 0.081726384765625 0.4148129130859375 0.0721115166015625 0.420307123046875
0 0 0.3811608720703125 0.081726384765625 0.4361029794921875 0.0865338193359375 0.4237410048828125 0.001373552734375 0.372232779296875 0 0.3811608720703125
0 0.1325478349609375 0.4759360078125 0.1270536240234375 0.483490546875 0.2074064560546875 0.57483180078125 0.210840337890625 0.56453015625 0.1325478349609375 0.4759360078125
0 0.3708592265625 0.5075277197265625 0.377726990234375 0.6256532509765625 0.390775740234375 0.624966474609375 0.380474095703125 0.504093837890625 0.3708592265625 0.5075277197265625
0 0.151777572265625 0.49447896875 0.138728822265625 0.4992864033203125 0.1778750732421875 0.6119177236328125 0.1902370478515625 0.611230947265625 0.151777572265625 0.49447896875
0 0 0.66892016015625 0.025410724609375 0.6860895693359375 0.028157830078125 0.675787923828125 0 0.6551846337890626 0 0.66892016015625
0 0.0384594755859375 0.8179506279296875 0.00274710546875 0.788419244140625 0 0.796660560546875 0.03502559375 0.8282522724609375 0.0384594755859375 0.8179506279296875
0 0.0034338818359375 0.7520200986328125 0.030904935546875 0.7664424013671876 0.03502559375 0.754080427734375 0 0.7355374658203125 0.0034338818359375 0.7520200986328125
0 0.1524643486328125 0.837180365234375 0.1476569140625 0.848168787109375 0.240371720703125 0.8742662880859375 0.240371720703125 0.8660249716796875 0.1524643486328125 0.837180365234375
0 0.291879947265625 0.769876283203125 0.380474095703125 0.826191943359375 0.3818476484375 0.811769640625 0.291879947265625 0.754080427734375 0.291879947265625 0.769876283203125
0 0.417560017578125 0.8413010234375 0.4209938994140625 0.855723326171875 0.5301913388671875 0.858470431640625 0.53225166796875 0.8461084580078125 0.417560017578125 0.8413010234375
0 0.7207079580078125 0.8317261025390625 0.72010130078125 0.8474991728515625 0.842039263671875 0.849925798828125 0.83839932421875 0.834152728515625 0.7207079580078125 0.8317261025390625
0 0.3928198876953125 0.3897441171875 0.3857895546875 0.3857895546875 0.36381976171875 0.4604868486328125 0.3726076787109375 0.466198994140625 0.3928198876953125 0.3897441171875