0 0.86613696484375 0.866089318359375 0.8725102021484376 0.860679212890625 0.867958318359375 0.7647231259765624 0.8611018447265625 0.76634680078125 0.86613696484375 0.866089318359375
0 0.8760169765625 0.81160703125 0.8714285869140626 0.7860481796875 0.86583661328125 0.788174603515625 0.8719246845703125 0.8756034052734375 0.87907888671875 0.8493400673828125 0.8760169765625 0.81160703125
0 0.75191381640625 0.648345095703125 0.6346316142578124 0.6079375087890625 0.634827572265625 0.614552841796875 0.747734318359375 0.6559751572265625 0.75191381640625 0.648345095703125
0 0.5823126884765625 0.6339933095703125 0.6847029609375 0.57395290234375 0.6794568642578125 0.5699258115234375 0.57650290234375 0.6278505654296875 0.5823126884765625 0.6339933095703125
0 0.7541850791015625 0.5743995869140625 0.750516388671875 0.5642797109375 0.6290875859375 0.5697940390625 0.63108560546875 0.5790671640625 0.7541850791015625 0.5743995869140625
0 0.6201686015625 0.519490458984375 0.6162480947265625 0.51851245703125 0.549912990234375 0.608849826171875 0.5605675263671875 0.6130527353515625 0.6273134072265625 0.521418548828125 0.6201686015625 0.519490458984375
0 0.6054496669921875 0.47970686328125 0.5558941416015625 0.5799510849609375 0.564380013671875 0.5820971064453125 0.5641017568359376 0.581306185546875 0.614089580078125 0.481366580078125 0.6054496669921875 0.47970686328125
0 0.9083470712890624 0.665381080078125 0.83932123828125 0.5800288876953125 0.82947151171875 0.590129064453125 0.9015386884765625 0.67637743359375 0.9083470712890624 0.665381080078125
0 0.842537455078125 0.560544025390625 0.8122774208984375 0.4461211083984375 0.80391947265625 0.4503453388671875 0.8321669814453125 0.56528973828125 0.842537455078125 0.560544025390625
0 0.6025143046875 0.499476708984375 0.630845408203125 0.378542453125 0.6217364150390625 0.3769728583984375 0.591945974609375 0.497848599609375 0.6025143046875 0.499476708984375
0 0.8081234677734375 0.52105483984375 0.7602437490234375 0.406269541015625 0.748368826171875 0.4075999365234375 0.7999356650390625 0.52124269140625 0.8081234677734375 0.52105483984375
0 0.8010966064453126 0.490750177734375 0.7776275546875 0.3723843037109375 0.7648915927734375 0.3764329921875 0.791925099609375 0.4928771748046875 0.8010966064453126 0.490750177734375
0 0.9185502197265625 0.3893901572265625 0.967883529296875 0.45168637109375 0.969496291015625 0.43192922265625 0.9290757998046875 0.379489130859375 0.9185502197265625 0.3893901572265625
0 0.576662818359375 0.1203579482421875 0.4721507724609375 0.0910479443359375 0.4710396708984375 0.1085526015625 0.5719896259765626 0.131611966796875 0.576662818359375 0.1203579482421875
0 0.2876814873046875 0.114706619140625 0.176746462890625 0.0916770166015625 0.17545254296875 0.1039267861328125 0.282087107421875 0.124203189453125 0.2876814873046875 0.114706619140625
0 0.8818800888671875 0.764173341796875 0.9074855478515625 0.760874044921875 0.9104666669921875 0.7505147568359375 0.8809528193359375 0.753016140625 0.8818800888671875 0.764173341796875
0 0.904635263671875 0.772744833984375 0.8833559326171875 0.7599545546875 0.8801665751953125 0.7687307392578125 0.9007018681640625 0.78516255078125 0.904635263671875 0.772744833984375