0 0.5834230595703125 0.8715387421875 0.6892320234375 0.91004698046875 0.6947354248046875 0.897960171875 0.5876646015625 0.8606855908203125 0.5834230595703125 0.8715387421875
0 0.667470978515625 0.65747658984375 0.6769756494140625 0.78678348828125 0.6914720205078125 0.7821118623046875 0.6782197666015625 0.655909919921875 0.667470978515625 0.65747658984375
0 0.6456234677734375 0.6475392236328125 0.624675591796875 0.7719682626953125 0.6375681298828125 0.7738944296875 0.66069775390625 0.6523622138671875 0.6456234677734375 0.6475392236328125
0 0.6300941279296876 0.6962535283203125 0.6430246630859375 0.6975836806640625 0.66677019921875 0.584950064453125 0.6559834150390625 0.58711275 0.6300941279296876 0.6962535283203125
0 0.640005166015625 0.61502896484375 0.6490591123046875 0.630767546875 0.710578302734375 0.5566516396484374 0.705811859375 0.5478987314453125 0.640005166015625 0.61502896484375
0 0.594683333984375 0.5928326103515625 0.691148484375 0.56446984765625 0.692022412109375 0.5507614990234375 0.5918856728515625 0.5810371884765625 0.594683333984375 0.5928326103515625
0 0.417677357421875 0.585368255859375 0.53944158984375 0.587040865234375 0.5468757783203125 0.5725075556640625 0.4202540908203125 0.572789498046875 0.417677357421875 0.585368255859375
0 0.52231114453125 0.7815083017578125 0.60738337890625 0.8576146904296875 0.619887984375 0.84706616796875 0.544188689453125 0.7724148115234375 0.52231114453125 0.7815083017578125
0 0.4869410732421875 0.8166467080078125 0.60110411328125 0.8447521171875 0.6037568408203124 0.830981330078125 0.4854052724609375 0.8036176298828125 0.4869410732421875 0.8166467080078125
0 0.3560910458984375 0.7254961484375 0.4363208408203125 0.79404166015625 0.4455948037109375 0.7877693095703125 0.3670678134765625 0.720353388671875 0.3560910458984375 0.7254961484375
0 0.20056671875 0.6780287685546875 0.3008722802734375 0.7286238154296875 0.31293594140625 0.7157120458984375 0.21377825 0.66567138671875 0.20056671875 0.6780287685546875
0 0.303236958984375 0.756490833984375 0.3653668271484375 0.8119940234375 0.376130630859375 0.8009119248046875 0.306885568359375 0.745658494140625 0.303236958984375 0.756490833984375
0 0.1859909365234375 0.8973831474609375 0.2218267490234375 0.966297626953125 0.2316936474609375 0.9600044638671875 0.1890466123046875 0.8865716220703125 0.1859909365234375 0.8973831474609375
0 0.2124215263671875 0.0930408740234375 0.20136352734375 0.220096162109375 0.2169697705078125 0.216574939453125 0.2242421904296875 0.0932206220703125 0.2124215263671875 0.0930408740234375
0 0.1645486669921875 0.2314980302734375 0.1589895244140625 0.1145409443359375 0.1417794501953125 0.1246599580078125 0.1493453720703125 0.2379785146484375 0.1645486669921875 0.2314980302734375
0 0.1315441826171875 0.3408885693359375 0.1257465869140625 0.4689485673828125 0.13961202734375 0.4648937705078125 0.14506765234375 0.3421979072265625 0.1315441826171875 0.3408885693359375
0 0.1756054111328125 0.9679201015625 0.1523556162109375 0.9354242451171875 0.1433272939453125 0.9411158837890625 0.16323866796875 0.968354203125 0.1756054111328125 0.9679201015625
0 0.6481577841796875 0.8906486904296875 0.6765488134765625 0.9397916259765625 0.690581853515625 0.9385638935546875 0.6636868466796875 0.8809976943359376 0.6481577841796875 0.8906486904296875