0 0.34296019921875 1 0.3049186669921875 0.9251834560546875 0.301093787109375 0.935179291015625 0.3307898486328125 1 0.34296019921875 1
0 0.3138168505859375 0.97829390625 0.2170774775390625 0.919787830078125 0.2147017548828125 0.9264598330078125 0.304206953125 0.986976814453125 0.3138168505859375 0.97829390625
0 0.2121045546875 0.9417302763671875 0.2175702099609375 0.93389783203125 0.1007018955078125 0.8741933642578125 0.0998516474609375 0.887197330078125 0.2121045546875 0.9417302763671875
0 0.0306637529296875 0.6799697939453125 0.03683571484375 0.6856035146484375 0.0700864921875 0.5931209775390625 0.0630465361328125 0.5896482294921875 0.0306637529296875 0.6799697939453125
0 0.024136794921875 0.682181681640625 0.02496179296875 0.7058065322265625 0.0584945673828125 0.6123936728515625 0.0536485986328125 0.6087086259765625 0.024136794921875 0.682181681640625
0 0.291646072265625 0.471670783203125 0.3695125927734375 0.5671272919921875 0.377592541015625 0.5643587646484375 0.297792033203125 0.4675542373046875 0.291646072265625 0.471670783203125
0 0.20495062890625 0.5286430986328124 0.3310338310546875 0.5279113193359375 0.326531857421875 0.516065666015625 0.2043056318359375 0.5191784873046875 0.20495062890625 0.5286430986328124
0 0.2285244677734375 0.4382257373046875 0.2244444951171875 0.447470279296875 0.338262779296875 0.4917676748046875 0.3465917265625 0.4871238310546875 0.2285244677734375 0.4382257373046875
0 0.1409840205078125 0.42597184765625 0.05109459765625 0.4815374580078125 0.0612225341796875 0.4923872021484375 0.15002396484375 0.4326826025390625 0.1409840205078125 0.42597184765625
0 0.3703025693359375 0.4366525302734375 0.359332638671875 0.4377140263671875 0.3961584208984375 0.546668830078125 0.4063043564453125 0.549028298828125 0.3976334072265625 0.5168613896484375 0.3703025693359375 0.4366525302734375
0 0.3995123955078125 0.5166344189453125 0.40766934375 0.5160708779296875 0.3918934287109375 0.40652405859375 0.3817694921875 0.4047945859375 0.3995123955078125 0.5166344189453125
0 0.3917324169921875 0.31185637109375 0.38607046875 0.4288958193359375 0.398399390625 0.430727990234375 0.4031383447265625 0.314274525390625 0.3917324169921875 0.31185637109375
0 0.2248344716796875 0.296535318359375 0.2229224833984375 0.295817294921875 0.1586189033203125 0.3906273525390625 0.1636918720703125 0.391807087890625 0.2287244482421875 0.2998613544921875 0.2248344716796875 0.296535318359375
0 0.276409142578125 0.27849587890625 0.1964176611328125 0.36534208984375 0.2033956181640625 0.37604512109375 0.2835810986328125 0.2857486025390625 0.276409142578125 0.27849587890625
0 0.271353169921875 0.2417800546875 0.2104085693359375 0.342721787109375 0.218763517578125 0.3478282109375 0.2818911044921875 0.2463591806640625 0.271353169921875 0.2417800546875
0 0.1239921005859375 0.21856334765625 0.0309526962890625 0.27398224609375 0.0362676650390625 0.2820919365234375 0.1276330771484375 0.22376469921875 0.1239921005859375 0.21856334765625
0 0.0112878232421875 0.2872181953125 0.01130282421875 0.2966534638671875 0.0929142998046875 0.238186416015625 0.08265836328125 0.2326769677734375 0.0112878232421875 0.2872181953125
0 0.008819828125 0.2075383701171875 0.0554455283203125 0.1738586298828125 0.049643564453125 0.169814572265625 0.0070578388671875 0.2021100478515625 0.008819828125 0.2075383701171875
0 0.740647181640625 0.11803090625 0.6334048583984375 0.1089477021484375 0.632060869140625 0.1154893037109375 0.7383911962890625 0.12547348828125 0.740647181640625 0.11803090625
0 0.0206055498046875 0.5539795927734374 0.02048883203125 0.5654864794921876 0.0483827294921875 0.5837238955078125 0.05277119921875 0.57458865234375 0.0206055498046875 0.5539795927734374
0 0.0222951796875 0.5959765859375 0.053943927734375 0.5809614345703125 0.0504641171875 0.574970775390625 0.020303212890625 0.5814079462890624 0.0222951796875 0.5959765859375