0 0.2648205078125 0.9353544169921875 0.2931655654296875 0.9899448427734375 0.3060900908203125 0.98956877734375 0.2684671845703125 0.9246926923828125 0.2648205078125 0.9353544169921875
0 0.2782883662109375 0.9760832685546875 0.1806031494140625 0.9351150732421875 0.178346228515625 0.9421996396484374 0.2688383935546875 0.9864759453125 0.2782883662109375 0.9760832685546875
0 0.1760186171875 0.957903271484375 0.181342623046875 0.9491048642578125 0.0635238955078125 0.910562912109375 0.0629021123046875 0.9236907919921875 0.1760186171875 0.957903271484375
0 0 0.7227144140625 0.028010345703125 0.63562787109375 0.0209153056640625 0.6334296416015625 0 0.698638197265625 0 0.7227144140625
0 0 0.70914930859375 0.01676544921875 0.6569432958984375 0.0118588876953125 0.6541384619140626 0 0.6871990205078125 0 0.70914930859375
0 0.2472619169921875 0.4745823193359375 0.3267368828125 0.555814263671875 0.3347617470703125 0.5515980390625 0.2533307607421875 0.469369087890625 0.2472619169921875 0.4745823193359375
0 0.161635099609375 0.5470270224609375 0.287602625 0.5236097578125 0.282896841796875 0.5126006669921875 0.1608248505859375 0.5376996337890625 0.161635099609375 0.5470270224609375
0 0.183606 0.4525700126953125 0.179691279296875 0.462528025390625 0.2941926015625 0.4862461708984375 0.3024334150390625 0.4801140185546875 0.183606 0.4525700126953125
0 0.0959223359375 0.4560953486328125 0.00707950390625 0.5277112109375 0.017389216796875 0.536714296875 0.105072447265625 0.4611644736328125 0.0959223359375 0.4560953486328125
0 0.3252408857421875 0.42548909765625 0.31429849609375 0.4285221240234375 0.3530026328125 0.5306069580078125 0.3631816201171875 0.531135513671875 0.3539543251953125 0.50060076171875 0.3252408857421875 0.42548909765625
0 0.3558278046875 0.500036197265625 0.3639682275390625 0.498006173828125 0.3462864150390625 0.3915429853515625 0.3361404453125 0.3916390576171875 0.3558278046875 0.500036197265625
0 0.3444673837890625 0.297115947265625 0.3408600576171875 0.4149124912109375 0.353211013671875 0.41452212890625 0.355906361328125 0.2974763369140625 0.3444673837890625 0.297115947265625
0 0.1774372373046875 0.311860384765625 0.175514232421875 0.3114880048828125 0.1129237568359375 0.417656705078125 0.11801325 0.4179209833984375 0.181382296875 0.314479029296875 0.1774372373046875 0.311860384765625
0 0.22865386328125 0.2845810537109375 0.15024879296875 0.3856265595703125 0.1574085263671875 0.395050060546875 0.23594700390625 0.2905270556640625 0.22865386328125 0.2845810537109375
0 0.2229589189453125 0.2488570869140625 0.16383208203125 0.3605393427734375 0.1722696552734375 0.364130978515625 0.233568462890625 0.2515298017578125 0.2229589189453125 0.2488570869140625
0 0 0.322095384765625 0.079040525390625 0.25674267578125 0.0753114140625 0.2522081044921875 0 0.3111817763671875 0 0.322095384765625
0 0 0.3178278486328125 0.0446026748046875 0.27737936328125 0.0342586044921875 0.2737276630859375 0 0.306479001953125 0 0.3178278486328125
0 0 0.2254496787109375 0.0060377373046875 0.219937458984375 0.000169671875 0.216946435546875 0 0.2171076240234375 0 0.2254496787109375
0 0.6897025546875 0.04094095703125 0.582388623046875 0.0511749990234375 0.58116030859375 0.0579438095703125 0.6875787705078125 0.0487728349609375 0.6897025546875 0.04094095703125
0 0 0.627277822265625 0.0061596943359375 0.630157125 0.010384576171875 0.6202526572265625 0 0.615531673828125 0 0.627277822265625
0 0 0.634093154296875 0.011667970703125 0.6264001728515625 0.0080860693359375 0.6210490576171875 0 0.6242405126953126 0 0.634093154296875