0 0.3360972412109375 0.7268910966796875 0.4065835244140625 0.74587215625 0.4093631796875 0.7359901142578125 0.339964150390625 0.7167938056640625 0.3360972412109375 0.7268910966796875
0 0.0672351748046875 0.85147933203125 0.0915303984375 0.7363353837890625 0.083013978515625 0.73472786328125 0.051651609375 0.8512709267578125 0.0672351748046875 0.85147933203125
0 0.1680096171875 0.6454426611328125 0.0951524013671875 0.7537328740234375 0.10155405859375 0.7612483232421875 0.172779802734375 0.65822143359375 0.1680096171875 0.6454426611328125
0 0.3004592412109375 0.7361422197265625 0.1757244609375 0.7833425029296875 0.181099203125 0.791610181640625 0.3031158505859375 0.7449480185546875 0.3004592412109375 0.7361422197265625
0 0.19004450390625 0.742631609375 0.31266155859375 0.7260415078125 0.312843755859375 0.7177715478515625 0.1873878935546875 0.73382580859375 0.19004450390625 0.742631609375
0 0.258724232421875 0.71586054296875 0.2634340810546875 0.7281023359375 0.3685355986328125 0.70400134765625 0.370349267578125 0.6904680634765625 0.258724232421875 0.71586054296875
0 0.3715016015625 0.6512661904296875 0.360145189453125 0.6590037314453125 0.4007260859375 0.7333086318359375 0.4130484833984375 0.72922233203125 0.3715016015625 0.6512661904296875
0 0.1094085498046875 0.742127703125 0.122334912109375 0.7384707607421875 0.1341876572265625 0.62139869921875 0.1196304150390625 0.625378515625 0.1094085498046875 0.742127703125
0 0.372249361328125 0.460091931640625 0.3595649404296875 0.46095634765625 0.3648053720703125 0.5817804296875 0.363899130859375 0.5836066201171874 0.3763422021484375 0.5805942822265625 0.372249361328125 0.460091931640625
0 0.1362438603515625 0.6001324375 0.202878650390625 0.5007590712890625 0.192369328125 0.4962525390625 0.1295405166015625 0.5899320849609375 0.1362438603515625 0.6001324375
0 0.174190083984375 0.4828348642578125 0.18548497265625 0.484441244140625 0.1934116591796875 0.367048591796875 0.1801232744140625 0.367483650390625 0.174190083984375 0.4828348642578125
0 0.155531701171875 0.4354786396484375 0.0986218505859375 0.5323777890625 0.106473970703125 0.5330189736328125 0.1621752998046875 0.440201560546875 0.155531701171875 0.4354786396484375
0 0.35747923046875 0.22478219140625 0.3193543671875 0.32070701953125 0.3260583017578125 0.3259669228515625 0.36146384765625 0.240461115234375 0.35747923046875 0.22478219140625
0 0.191066220703125 0.281880484375 0.280834416015625 0.1856122529296875 0.2765469267578125 0.177129326171875 0.1906444541015625 0.2731811689453125 0.191066220703125 0.281880484375
0 0.4787203896484375 0.09703251953125 0.364374849609375 0.1427249228515625 0.362440505859375 0.1551842451171875 0.4787795400390625 0.1074504013671875 0.4787203896484375 0.09703251953125
0 0.61612891796875 0.1378959326171875 0.4873491826171875 0.1688803115234375 0.49399278125 0.1736032314453125 0.6155841064453125 0.1478844580078125 0.61612891796875 0.1378959326171875
0 0.020363806640625 0.8497801552734375 0.075938533203125 0.805293287109375 0.0709861513671875 0.800784474609375 0.0192777392578125 0.8401145009765625 0.020363806640625 0.8497801552734375
0 0.94497400390625 0.046336533203125 0.8827558984375 0.095039125 0.888816072265625 0.1017461796875 0.946598705078125 0.0607958583984375 0.94497400390625 0.046336533203125