0 0.1688058037109375 0.2685546875 0.288783482421875 0.293666294921875 0.287388392578125 0.2859933037109375 0.1695033486328125 0.262974330078125 0.1688058037109375 0.2685546875
0 0.0565011162109375 0.2852957587890625 0.05859375 0.279017857421875 0.004185267578125 0.244838169921875 0.004185267578125 0.244140625 0 0.2511160712890625 0.0565011162109375 0.2852957587890625
0 0.0857979912109375 0.345982142578125 0.048130580078125 0.2413504462890625 0.0418526787109375 0.244838169921875 0.078822544921875 0.345982142578125 0.0857979912109375 0.345982142578125
0 0.1841517861328125 0.322265625 0.184849330078125 0.321568080078125 0.2978515625 0.311802455078125 0.2978515625 0.2999441962890625 0.1778738837890625 0.3152901787109375 0.1841517861328125 0.322265625
0 0.2525111611328125 0.3236607138671875 0.3627232138671875 0.313197544921875 0.361328125 0.306919642578125 0.253208705078125 0.3159877236328125 0.2525111611328125 0.3236607138671875
0 0.3299386162109375 0.311802455078125 0.3892299111328125 0.2720424111328125 0.389927455078125 0.258091517578125 0.3250558037109375 0.3062220986328125 0.3299386162109375 0.311802455078125
0 0.093470982421875 0.3292410712890625 0.1708984375 0.4164341513671875 0.176478794921875 0.4087611611328125 0.1011439736328125 0.3250558037109375 0.093470982421875 0.3292410712890625
0 0.1416015625 0.448521205078125 0.1143973212890625 0.3341238837890625 0.101841517578125 0.3397042412109375 0.1346261162109375 0.4575892861328125 0.1416015625 0.448521205078125
0 0.224609375 0.5712890625 0.1576450888671875 0.4917689736328125 0.1513671875 0.493861607421875 0.223911830078125 0.5782645087890625 0.224609375 0.5712890625
0 0.2036830361328125 0.638950892578125 0.140904017578125 0.5580357138671875 0.132533482421875 0.562220982421875 0.200892857421875 0.6431361611328125 0.2036830361328125 0.638950892578125
0 0.2518136162109375 0.7156808037109375 0.2225167412109375 0.6089564736328125 0.214146205078125 0.6068638388671875 0.244838169921875 0.718470982421875 0.2518136162109375 0.7156808037109375
0 0.385044642578125 0.5496651787109375 0.3794642861328125 0.4317801337890625 0.3696986611328125 0.4296875 0.3759765625 0.5496651787109375 0.385044642578125 0.5496651787109375
0 0.3676060263671875 0.366908482421875 0.3955078125 0.2859933037109375 0.390625 0.2748325888671875 0.3599330361328125 0.3648158486328125 0.3676060263671875 0.366908482421875
0 0.0272042412109375 0.7456752236328125 0.0020926337890625 0.7352120537109375 0.0027901787109375 0.742885044921875 0.0258091513671875 0.752650669921875 0.0272042412109375 0.7456752236328125
0 0.0013950888671875 0.7247488837890625 0.049525669921875 0.7554408486328125 0.049525669921875 0.7470703125 0 0.717075892578125 0.0013950888671875 0.7247488837890625
0 0 0.7993861611328125 0.0279017861328125 0.8203125 0.029994419921875 0.8126395087890625 0 0.7889229912109375 0 0.7993861611328125
0 0.3564453125 0.8447265625 0.459681919921875 0.8663504462890625 0.4652622763671875 0.8607700888671875 0.3585379462890625 0.8363560263671875 0.3564453125 0.8447265625
0 0.590122767578125 0.8579799111328125 0.7003348212890625 0.8705357138671875 0.7003348212890625 0.8642578125 0.591517857421875 0.850306919921875 0.590122767578125 0.8579799111328125
0 0.6515066962890625 0.8021763388671875 0.7728794638671875 0.8042689736328125 0.7700892861328125 0.7979910712890625 0.654296875 0.7945033486328125 0.6515066962890625 0.8021763388671875