0 0.054823748046875 0.68072116015625 0.0422053134765625 0.7246372529296875 0.0432623798828125 0.742786376953125 0.0602122119140625 0.6862484130859375 0.054823748046875 0.68072116015625
0 0.1094743955078125 0.54344525390625 0.0342648212890625 0.5883042578125 0.0348330986328125 0.5980612138671875 0.11414560546875 0.5504337587890625 0.1094743955078125 0.54344525390625
0 0.1157376953125 0.5542638349609375 0.157827978515625 0.45829620703125 0.151634716796875 0.4504787734375 0.107480220703125 0.554581591796875 0.1157376953125 0.5542638349609375
0 0.327074017578125 0.5952851435546875 0.209247580078125 0.60111635546875 0.209475201171875 0.61087008203125 0.328036400390625 0.6043279052734375 0.327074017578125 0.5952851435546875
0 0.3399845654296875 0.56898259765625 0.2265660703125 0.5383250078125 0.219218451171875 0.5454346650390625 0.335716068359375 0.5792506865234375 0.3399845654296875 0.56898259765625
0 0.39068502734375 0.6165949755859375 0.294445576171875 0.549366751953125 0.2885324619140625 0.5535539052734375 0.38932055859375 0.6225186279296875 0.39068502734375 0.6165949755859375
0 0.4256046708984375 0.631908896484375 0.370862076171875 0.539872318359375 0.3657187431640625 0.544849080078125 0.4182920703125 0.6405191279296875 0.4256046708984375 0.631908896484375
0 0.424939318359375 0.603398001953125 0.397120904296875 0.50602439453125 0.3935871689453125 0.515581517578125 0.41608715625 0.610429017578125 0.424939318359375 0.603398001953125
0 0.17952191015625 0.4864075126953125 0.2360791826171875 0.3342438359375 0.22469005859375 0.3291523017578125 0.171036814453125 0.4769715439453125 0.17952191015625 0.4864075126953125
0 0.1656139609375 0.502166724609375 0.2425713623046875 0.4192621572265625 0.239404693359375 0.41235229296875 0.1564291220703125 0.4949422939453125 0.1656139609375 0.502166724609375
0 0.41027658203125 0.4902258623046875 0.4150153134765625 0.371323486328125 0.40973190625 0.3702979541015625 0.3967882265625 0.4917689482421875 0.41027658203125 0.4902258623046875
0 0.026912755859375 0.3218120625 0.0586826123046875 0.2987433984375 0.05332916796875 0.29471671875 0.0259678828125 0.313519587890625 0.026912755859375 0.3218120625
0 0.023131375 0.191973142578125 0.056335736328125 0.1659819736328125 0.0547436484375 0.1621518984375 0.0214517392578125 0.1843916337890625 0.023131375 0.191973142578125
0 0.18955715625 0.1437199052734375 0.2814561865234375 0.12154605078125 0.28133362109375 0.11629404296875 0.1864255068359375 0.1383106142578125 0.18955715625 0.1437199052734375
0 0.342951712890625 0.213186228515625 0.4426879931640625 0.1726877353515625 0.4365122392578125 0.165620587890625 0.3427766201171875 0.205683361328125 0.342951712890625 0.213186228515625
0 0.4934397236328125 0.158104958984375 0.609342025390625 0.1664112314453125 0.6076623896484376 0.1588297236328125 0.4925123603515625 0.1505627705078125 0.4934397236328125 0.158104958984375
0 0.80288584765625 0.1855201337890625 0.917248587890625 0.1922471904296875 0.9140994287109375 0.18608761328125 0.8012412314453125 0.179439197265625 0.80288584765625 0.1855201337890625