0 0.0290794755859375 0.15356576953125 0.0705749072265625 0.26302222265625 0.078743298828125 0.265636107421875 0.0379013388671875 0.1519320908203125 0.0290794755859375 0.15356576953125
0 0 0.1715362314453125 0.0006534716796875 0.1787244169921875 0.0506440302734375 0.207803892578125 0.054238123046875 0.20061570703125 0 0.1715362314453125
0 0.1640213115234375 0.214665341796875 0.2878541337890625 0.2414576669921875 0.2888343408203125 0.228388240234375 0.1630411044921875 0.20453653515625 0.1640213115234375 0.214665341796875
0 0.32771588671875 0.236229896484375 0.397637322265625 0.220546583984375 0.3911026083984375 0.2071504208984375 0.3303297724609375 0.224467412109375 0.32771588671875 0.236229896484375
0 0.3924095517578125 0.2212000556640625 0.3855481025390625 0.2404774599609375 0.3581023046875 0.3035374462890625 0.3675776396484375 0.30615133203125 0.401558150390625 0.2212000556640625 0.3924095517578125 0.2212000556640625
0 0.2512597373046875 0.25714098046875 0.2496260595703125 0.2702104072265625 0.3675776396484375 0.280339212890625 0.3665974326171875 0.2692302001953125 0.2512597373046875 0.25714098046875
0 0.1754570595703125 0.2463587021484375 0.1780709453125 0.259754865234375 0.3009235615234375 0.2532201513671875 0.29830967578125 0.242111138671875 0.1754570595703125 0.2463587021484375
0 0.0852780126953125 0.2408041962890625 0.084624541015625 0.2408041962890625 0.080703712890625 0.2463587021484375 0.1601004833984375 0.336864486328125 0.1666351962890625 0.33163671484375 0.0852780126953125 0.2408041962890625
0 0.1035752109375 0.250933001953125 0.0947533466796875 0.251913208984375 0.11631790234375 0.37280541015625 0.1271001796875 0.37280541015625 0.1035752109375 0.250933001953125
0 0.1310210078125 0.3806470673828125 0.1235060869140625 0.390775873046875 0.19669487890625 0.46853896484375 0.2015959140625 0.461677515625 0.1310210078125 0.3806470673828125
0 0.3796668603515625 0.3865283095703125 0.3656172255859375 0.3881619873046875 0.37280541015625 0.5113413388671875 0.385874837890625 0.5074205107421875 0.3796668603515625 0.3865283095703125
0 0.188199751953125 0.469519171875 0.1734966455078125 0.4682122294921875 0.1806848310546875 0.582569716796875 0.192120580078125 0.580609302734375 0.188199751953125 0.469519171875
0 0.0999811181640625 0.44501399609375 0.098347439453125 0.4522021806640625 0.1591202763671875 0.532579158203125 0.1630411044921875 0.5250642373046875 0.0999811181640625 0.44501399609375
0 0.1548727119140625 0.6482435888671875 0.218586169921875 0.7318879228515625 0.2212000556640625 0.7246997373046875 0.1630411044921875 0.6319068046875 0.1548727119140625 0.6482435888671875
0 0.238190310546875 0.733194865234375 0.2979829404296875 0.826968005859375 0.3064780673828125 0.814225314453125 0.2466854384765625 0.7240462666015625 0.238190310546875 0.733194865234375
0 0.344706142578125 0.6139363427734374 0.3842411591796875 0.7001945615234375 0.3924095517578125 0.6936598486328125 0.349607177734375 0.6083818359375 0.344706142578125 0.6139363427734374
0 0.36104292578125 0.6449762314453125 0.3793401240234375 0.752799005859375 0.3881619873046875 0.75508615625 0.3698647890625 0.6423623466796875 0.36104292578125 0.6449762314453125
0 0.3793401240234375 0.7857993095703125 0.504806625 0.80899754296875 0.500885796875 0.7965815869140624 0.380973802734375 0.78155174609375 0.3793401240234375 0.7857993095703125
0 0.7309077158203126 0.8044232431640626 0.8527801240234375 0.798215265625 0.845591939453125 0.78939340234375 0.7315611875 0.7936409658203125 0.7309077158203126 0.8044232431640626
0 0.0258796435546875 0.8063593115234375 0.000532935546875 0.786073798828125 0 0.7952016005859375 0.0178007412109375 0.8128971123046875 0.0258796435546875 0.8063593115234375
0 0.8018849306640625 0.8857540087890625 0.8057008037109376 0.8943120302734375 0.8616001669921876 0.8768023798828125 0.8574519658203125 0.8687817392578125 0.8018849306640625 0.8857540087890625