0 0.2891127548828125 0.4419622041015625 0.1822967021484375 0.4499870341796875 0.1820921474609375 0.4553069658203125 0.295030734375 0.45164353125 0.2891127548828125 0.4419622041015625
0 0.2854935283203125 0.4113147099609375 0.178158490234375 0.3801544873046875 0.1712915029296875 0.384063396484375 0.2837388544921875 0.420903419921875 0.2854935283203125 0.4113147099609375
0 0.32122771875 0.48988221875 0.38254690625 0.4104164150390625 0.3746084853515625 0.403371900390625 0.3146659609375 0.4872153779296875 0.32122771875 0.48988221875
0 0.3491651552734375 0.407943642578125 0.2496001025390625 0.45198220703125 0.253231875 0.457348447265625 0.3508460673828125 0.41136435546875 0.3491651552734375 0.407943642578125
0 0.02048240625 0.2080821884765625 0.029549291015625 0.2467790439453125 0.0350707138671875 0.24181898046875 0.023852595703125 0.1980694453125 0.02048240625 0.2080821884765625
0 0.024126728515625 0.188167173828125 0.03539351171875 0.2694697939453125 0.041250279296875 0.266879291015625 0.02702659765625 0.17652246484375 0.024126728515625 0.188167173828125
0 0 0.3571226884765625 0.0673544052734375 0.42257894140625 0.0761722548828125 0.4206155576171875 0.003115126953125 0.34921187109375 0 0.3540887509765625 0 0.3571226884765625
0 0.0678901220703125 0.428055654296875 0.1024322705078125 0.53344219140625 0.107348396484375 0.5275877548828125 0.0761764384765625 0.4121884736328125 0.0678901220703125 0.428055654296875
0 0.1202808896484375 0.50734132421875 0.148879958984375 0.653609044921875 0.159112953125 0.6481144765625 0.126002681640625 0.5054884140625 0.1202808896484375 0.50734132421875
0 0.1079092109375 0.4825019580078125 0.170921166015625 0.5877886201171875 0.1766429580078125 0.5859357099609375 0.1155164697265625 0.478749828125 0.1079092109375 0.4825019580078125
0 0.2165407451171875 0.884767474609375 0.12940174609375 0.844093302734375 0.1255612373046875 0.8524740791015625 0.2135754794921875 0.8925674384765625 0.2165407451171875 0.884767474609375
0 0.3248339736328125 0.8625033876953125 0.4381724833984375 0.888034162109375 0.4352155849609375 0.878979955078125 0.32740604296875 0.8546148525390626 0.3248339736328125 0.8625033876953125
0 0.33463500390625 0.6638348896484375 0.34882828125 0.544252185546875 0.351049091796875 0.5447225263671875 0.3398796396484375 0.538526078125 0.32851246875 0.6594734931640625 0.33463500390625 0.6638348896484375
0 0.3712953251953125 0.43408355859375 0.33961387109375 0.5315741787109375 0.340284564453125 0.5363132978515625 0.37889840234375 0.438758513671875 0.3712953251953125 0.43408355859375
0 0.6031178271484375 0.923733751953125 0.4911324296875 0.905379865234375 0.4889074365234375 0.913336609375 0.6039888896484376 0.9315800244140625 0.6031178271484375 0.923733751953125
0 0.8909480712890625 0.9854588662109375 0.8056903564453125 0.9513125595703125 0.801849845703125 0.9596933359375 0.8916841591796875 0.99404273046875 0.8909480712890625 0.9854588662109375