0 0.232643974609375 0.1054268125 0.10940316015625 0.0927727783203125 0.111703875 0.104423912109375 0.2252089609375 0.1139602705078125 0.232643974609375 0.1054268125
0 0.2429408310546875 0.3256096298828125 0.18738518359375 0.2095680888671875 0.17902266015625 0.212217923828125 0.2322673828125 0.3265056513671875 0.2429408310546875 0.3256096298828125
0 0.2430397822265625 0.435367453125 0.260879654296875 0.357216505859375 0.2465118671875 0.3604885244140625 0.232881529296875 0.4304751611328125 0.2430397822265625 0.435367453125
0 0.3198916796875 0.372468625 0.2522807333984375 0.4244788017578125 0.2557072626953125 0.4348942822265625 0.3288314443359375 0.386159501953125 0.3198916796875 0.372468625
0 0.2897263544921875 0.3869239365234375 0.261383859375 0.279812568359375 0.2520474873046875 0.2803602451171875 0.276401919921875 0.3866259130859375 0.2897263544921875 0.3869239365234375
0 0.258295423828125 0.3324463564453125 0.236906123046875 0.210801791015625 0.22741778515625 0.214687279296875 0.2501904990234375 0.33220203515625 0.258295423828125 0.3324463564453125
0 0.214043482421875 0.118753873046875 0.207945546875 0.1269389873046875 0.3126145341796875 0.1868371611328125 0.3218786533203125 0.1740577763671875 0.214043482421875 0.118753873046875
0 0.2221150302734375 0.1307862470703125 0.227149193359375 0.1459658125 0.342704857421875 0.1422462353515625 0.3434878642578125 0.1236664453125 0.2221150302734375 0.1307862470703125
0 0.522661294921875 0.3394310458984375 0.4004229921875 0.3627962509765625 0.39858367578125 0.3769394951171875 0.520587548828125 0.3545777138671875 0.522661294921875 0.3394310458984375
0 0.37505230859375 0.1309918154296875 0.364626248046875 0.138891 0.4612236884765625 0.1867567978515625 0.4718841787109375 0.1778541904296875 0.37505230859375 0.1309918154296875
0 0.43263655078125 0.0905461728515625 0.42189359765625 0.09711439453125 0.5137635576171875 0.14102891015625 0.5233214013671875 0.13147122265625 0.43263655078125 0.0905461728515625
0 0.5856052421875 0.1425727275390625 0.47300724609375 0.158714630859375 0.471659958984375 0.168960294921875 0.583637126953125 0.1581630498046875 0.5856052421875 0.1425727275390625
0 0.7318457392578125 0.29953931640625 0.64544542578125 0.2805855693359375 0.63569948828125 0.2873652158203125 0.7171971845703125 0.307596224609375 0.7318457392578125 0.29953931640625
0 0.7700299970703125 0.18357708984375 0.6681639638671875 0.121535150390625 0.659157443359375 0.131420376953125 0.764272123046875 0.1912024345703125 0.7700299970703125 0.18357708984375
0 0.8710054287109374 0.3273642021484375 0.8057760947265625 0.230334013671875 0.795267572265625 0.235898810546875 0.861916443359375 0.3349150419921875 0.8710054287109374 0.3273642021484375
0 0.901964951171875 0.752376708984375 0.890909224609375 0.7552570205078125 0.917937646484375 0.867060234375 0.931191384765625 0.8638030107421875 0.901964951171875 0.752376708984375
0 0.1153403662109375 0.0621541943359375 0.154944376953125 0.104956544921875 0.1678612197265625 0.101162623046875 0.124625873046875 0.05629583203125 0.1153403662109375 0.0621541943359375