0 0.7650509501953126 0.7114908798828125 0.8178213623046875 0.8267983544921875 0.8230811357421876 0.825296328125 0.7728396103515625 0.7117597294921875 0.7650509501953126 0.7114908798828125
0 0.8804660537109374 0.9864692392578125 0.8797879716796875 0.98657054296875 0.8337012763671875 0.9375899873046875 0.8280931826171875 0.9405765078125 0.8746745205078125 0.991631849609375 0.8804660537109374 0.9864692392578125
0 0.8727909013671875 0.9424935126953125 0.7621750849609376 0.920342931640625 0.763823890625 0.9272588857421875 0.8708844169921875 0.9492243896484375 0.8727909013671875 0.9424935126953125
0 0.7568047666015625 0.7034118740234375 0.745277376953125 0.7051340380859376 0.7624948955078125 0.8185907490234375 0.761981693359375 0.8193836484375 0.7702464375 0.8245949697265625 0.7568047666015625 0.7034118740234375
0 0.728587314453125 0.6410182734375 0.7444672294921875 0.7518099052734375 0.7517612470703126 0.75000396875 0.7350198115234375 0.6414897294921875 0.728587314453125 0.6410182734375
0 0.7623286728515625 0.6087607216796875 0.7376928671875 0.6733206494140626 0.744271685546875 0.67735138671875 0.775725427734375 0.60604305078125 0.7623286728515625 0.6087607216796875
0 0.6735733916015625 0.8461999765625 0.7766353603515626 0.9103040908203125 0.7788901630859375 0.9020887177734375 0.6797132451171874 0.8395528701171875 0.6735733916015625 0.8461999765625
0 0.7669423681640625 0.8902653544921875 0.6493066181640625 0.879906958984375 0.642140361328125 0.8881398623046876 0.7644855654296875 0.90352450390625 0.7669423681640625 0.8902653544921875
0 0.6034732939453125 0.8702811015625 0.5103434345703125 0.8154365751953125 0.503727498046875 0.817141208984375 0.6029229755859375 0.87680937109375 0.6034732939453125 0.8702811015625
0 0.5430126650390625 0.8965032529296875 0.4495159248046875 0.8460109072265625 0.4461069560546875 0.8493851123046875 0.5409227412109375 0.9054102197265625 0.5430126650390625 0.8965032529296875
0 0.474221662109375 0.8229817666015625 0.3635501689453125 0.8094342431640625 0.3624866474609375 0.8167554130859375 0.4782344755859375 0.8309770009765625 0.474221662109375 0.8229817666015625
0 0.609356283203125 0.641641630859375 0.4934414228515625 0.6532292119140625 0.4955848701171875 0.6622199521484375 0.6136988564453125 0.6510200546875 0.609356283203125 0.641641630859375
0 0.7472831123046875 0.604562439453125 0.67522085546875 0.6439774990234375 0.679068787109375 0.6512811357421875 0.7592865849609375 0.6077827470703125 0.7472831123046875 0.604562439453125
0 0.1679500830078125 0.6252204326171875 0.2133729501953125 0.7244361357421875 0.2210152900390625 0.7211457041015625 0.1720556923828125 0.6188772392578125 0.1679500830078125 0.6252204326171875
0 0.1069977734375 0.3872278369140625 0.1452543837890625 0.4946764443359375 0.1523835224609375 0.492178912109375 0.1131005087890625 0.3863161025390625 0.1069977734375 0.3872278369140625
0 0.154267953125 0.305678052734375 0.1849914287109375 0.4257117431640625 0.1917908046875 0.42183101953125 0.1610302109375 0.30753269921875 0.154267953125 0.305678052734375