0 0.3175201865234375 0.86026003515625 0.32939185546875 0.7391609072265625 0.32224125390625 0.736249845703125 0.3092974755859375 0.8644206611328125 0.3175201865234375 0.86026003515625
0 0.3396751787109375 1 0.362037736328125 0.9572190380859374 0.3556510146484375 0.955642796875 0.3327628212890625 1 0.3396751787109375 1
0 0.438479259765625 0.911892306640625 0.3370766875 0.9634386357421875 0.342992447265625 0.96994233984375 0.4415347802734375 0.9172315859375 0.438479259765625 0.911892306640625
0 0.491403240234375 0.82866520703125 0.4873885615234375 0.8178162529296875 0.4019736982421875 0.9077226669921875 0.40420615625 0.9139796201171875 0.491403240234375 0.82866520703125
0 0.5260515908203125 0.8495963935546875 0.413679017578125 0.8915575625 0.4176286044921875 0.901014896484375 0.530504685546875 0.8548220771484375 0.5260515908203125 0.8495963935546875
0 0.377663712890625 0.841402390625 0.3552795166015625 0.73775517578125 0.3489578876953125 0.737570552734375 0.3700421494140625 0.84341879296875 0.377663712890625 0.841402390625
0 0.3699234208984375 0.76589998828125 0.3205143623046875 0.66933857421875 0.3145181982421875 0.6761120419921876 0.364300580078125 0.76565856640625 0.3699234208984375 0.76589998828125
0 0.3677734228515625 0.6899431982421875 0.2939259873046875 0.64076771484375 0.2892948515625 0.64673177734375 0.3646049541015625 0.69718528125 0.3677734228515625 0.6899431982421875
0 0.410234763671875 0.652966060546875 0.3184486201171875 0.640171390625 0.3138174853515625 0.646135451171875 0.4085615078125 0.6621819765625 0.410234763671875 0.652966060546875
0 0.5702722666015625 0.6252904375 0.4503738427734375 0.6413220458984376 0.44800180078125 0.6505947578125 0.559547328125 0.6359405400390625 0.5702722666015625 0.6252904375
0 0.69508521484375 0.7143260078125 0.618011923828125 0.791134544921875 0.6210674423828125 0.79647382421875 0.6987744287109375 0.7182168701171875 0.69508521484375 0.7143260078125
0 0.769057056640625 0.676184560546875 0.703685099609375 0.7632172685546875 0.7073743125 0.7671081318359375 0.77550887109375 0.6791524208984375 0.769057056640625 0.676184560546875
0 0.8107507666015625 0.8327417265625 0.773996525390625 0.916749890625 0.779246044921875 0.9240062021484375 0.816796712890625 0.8420286669921875 0.8107507666015625 0.8327417265625
0 0.73777641015625 0.9671888232421875 0.72443629296875 0.9969097626953125 0.7315543486328125 0.999125015625 0.7443258642578126 0.972244111328125 0.73777641015625 0.9671888232421875
0 0.8012032822265625 0.958541123046875 0.77684530859375 0.9926498828125 0.7825657900390625 0.994978732421875 0.804226255859375 0.9631845927734375 0.8012032822265625 0.958541123046875
0 0.79993376171875 0.4215327685546875 0.801517083984375 0.5303629814453125 0.8074656201171875 0.5364586337890624 0.80749023046875 0.4181247490234375 0.79993376171875 0.4215327685546875
0 0.8044001337890625 0.1271203720703125 0.8040325224609375 0.032761814453125 0.7970750283203125 0.032478318359375 0.79655074609375 0.1242661103515625 0.8044001337890625 0.1271203720703125