0 0.316935216796875 0 0.354972470703125 0.0592610400390625 0.359159513671875 0.057918337890625 0.33096503125 0 0.316935216796875 0
0 0.3309310478515625 0.036357056640625 0.3285087802734375 0.054740611328125 0.434032298828125 0.09521461328125 0.4362557470703125 0.083755115234375 0.3309310478515625 0.036357056640625
0 0.3234166005859375 0.2897030947265625 0.313694611328125 0.1589457509765625 0.3074879326171875 0.155463732421875 0.3083921455078125 0.28932634765625 0.3234166005859375 0.2897030947265625
0 0.374190443359375 0.17916119140625 0.363373375 0.1725576640625 0.3310971318359375 0.290293529296875 0.3420926748046875 0.294857078125 0.374190443359375 0.17916119140625
0 0.3561526259765625 0.2411365791015625 0.3084132294921875 0.34955540234375 0.3155786796875 0.3513816953125 0.3645711591796875 0.249224154296875 0.3561526259765625 0.2411365791015625
0 0.2823172158203125 0.3873478251953125 0.359407345703125 0.3248750634765625 0.3586320419921875 0.3151306494140625 0.2786425576171875 0.377186517578125 0.2823172158203125 0.3873478251953125
0 0.298162658203125 0.3783406689453125 0.30085550390625 0.384773630859375 0.394123056640625 0.3560145595703125 0.3955458642578125 0.3490548876953125 0.298162658203125 0.3783406689453125
0 0.4829672021484375 0.1731474111328125 0.4007194208984375 0.09455608984375 0.39314098046875 0.102101830078125 0.4773573515625 0.18144978515625 0.4829672021484375 0.1731474111328125
0 0.52520457421875 0.136920107421875 0.413163478515625 0.11047229296875 0.410302513671875 0.1199155546875 0.5219866591796875 0.150443328125 0.52520457421875 0.136920107421875
0 0.561804353515625 0.360495548828125 0.4372278359375 0.35638816796875 0.4342954814453125 0.366647421875 0.55984612109375 0.373575158203125 0.561804353515625 0.360495548828125
0 0.67771475 0.2496861943359375 0.5998274931640625 0.177072353515625 0.5901376845703125 0.1854934423828125 0.670972646484375 0.25232411328125 0.67771475 0.2496861943359375
0 0.6847570244140625 0.1831472587890625 0.6749958251953125 0.1923843388671875 0.744223435546875 0.27094755078125 0.754994451171875 0.2641228310546875 0.6847570244140625 0.1831472587890625
0 0.7740605810546874 0.0368928916015625 0.8041409345703125 0.111711685546875 0.815549466796875 0.106903201171875 0.779899951171875 0.030618625 0.7740605810546874 0.0368928916015625
0 0.8085462177734375 0.466043244140625 0.797258640625 0.3438775556640625 0.7857787177734376 0.3495020302734375 0.7985401484375 0.4687761337890625 0.8085462177734375 0.466043244140625
0 0.7874611943359375 0.753561595703125 0.773917064453125 0.871159369140625 0.7838160498046876 0.869650466796875 0.7985841669921875 0.752017078125 0.7874611943359375 0.753561595703125
0 0.8029255791015625 0 0.8141592265625 0.014884529296875 0.8225377265625 0.0093281337890625 0.814761919921875 0 0.8029255791015625 0
0 0.74058011328125 0 0.7446828974609375 0.0103105478515625 0.7516105390625 0.010108974609375 0.74892490234375 0 0.74058011328125 0
0 0.74249398046875 0.9748758955078125 0.713094849609375 0.9079639091796875 0.6969344150390625 0.916548681640625 0.7265207158203125 0.975340669921875 0.74249398046875 0.9748758955078125
0 0.1825214453125 0 0.2275280263671875 0.0178616484375 0.231456599609375 0.0048969228515625 0.2123689580078125 0 0.1825214453125 0