0 0.831068173828125 0.76482362890625 0.711030318359375 0.735510275390625 0.716344662109375 0.744981931640625 0.8335934716796874 0.774084287109375 0.831068173828125 0.76482362890625
0 0.9460628916015625 0.7993367587890625 0.94556243359375 0.7999725029296875 0.951640982421875 0.79975875390625 0.91643628515625 0.6889577314453125 0.9106958876953125 0.6941047578125 0.9460628916015625 0.7993367587890625
0 0.9326174091796875 0.757157482421875 0.99218358203125 0.7993375810546876 0.995852482421875 0.7933361787109375 0.9431980595703126 0.7537719580078125 0.9326174091796875 0.757157482421875
0 0.82124145703125 0.6224547021484375 0.8975568251953125 0.713342974609375 0.9039741962890625 0.7089448251953125 0.8289924853515624 0.6202504345703125 0.82124145703125 0.6224547021484375
0 0.81446099609375 0.7112425615234375 0.70183673046875 0.71528020703125 0.704504046875 0.719667970703125 0.8142784013671875 0.7175077119140625 0.81446099609375 0.7112425615234375
0 0.7427039423828125 0.7037209892578125 0.6362941640625 0.7103217626953126 0.6360709931640625 0.7179791669921874 0.7473413134765625 0.7124437685546875 0.7427039423828125 0.7037209892578125
0 0.6720370869140625 0.7067468330078125 0.6029419833984375 0.7517513388671875 0.60753877734375 0.7618663740234375 0.6717124755859375 0.717884876953125 0.6720370869140625 0.7067468330078125
0 0.6344714912109375 0.6529755380859374 0.605006017578125 0.7288846220703125 0.607470451171875 0.7402336640625 0.6418979091796875 0.661909314453125 0.6344714912109375 0.6529755380859374
0 0.854674791015625 0.5782406142578125 0.8791771103515625 0.6966039287109375 0.8875645341796875 0.696540794921875 0.8638000537109375 0.57683797265625 0.854674791015625 0.5782406142578125
0 0.62085951171875 0.47264646484375 0.620917107421875 0.590555806640625 0.629920640625 0.593329931640625 0.6277306845703124 0.47665459765625 0.62085951171875 0.47264646484375
0 0.7717242490234375 0.4512695810546875 0.8418859931640625 0.5375063427734375 0.84752494921875 0.5358399541015625 0.780172537109375 0.449118064453125 0.7717242490234375 0.4512695810546875
0 0.7919833076171875 0.379547650390625 0.8550912861328125 0.468041427734375 0.86150865625 0.4636432783203125 0.8024625166015625 0.379642763671875 0.7919833076171875 0.379547650390625
0 0.7385558349609375 0.2945768759765625 0.775832029296875 0.4062322744140625 0.786331525390625 0.405631259765625 0.7454472958984375 0.2978888798828125 0.7385558349609375 0.2945768759765625
0 1 0.3219878193359375 0.94774706640625 0.2859844765625 0.9482008681640625 0.2943907587890625 1 0.3305912314453125 1 0.3219878193359375
0 1 0.2493008779296875 0.988992291015625 0.2374777373046875 0.9797047236328125 0.244449400390625 1 0.260591396484375 1 0.2493008779296875
0 1 0.3114440068359375 0.9829016298828125 0.302597251953125 0.982001486328125 0.3095057802734375 1 0.318255453125 1 0.3114440068359375
0 0.58994099609375 0.1668241640625 0.47575244140625 0.152604240234375 0.47831831640625 0.160472642578125 0.5904759521484375 0.1724459375 0.58994099609375 0.1668241640625
0 0.3541855078125 0.1517793759765625 0.245757638671875 0.1317162958984375 0.245575044921875 0.1379814453125 0.3574283564453125 0.1603966572265625 0.3541855078125 0.1517793759765625
0 0.3171035634765625 0.2012987392578125 0.19436527734375 0.1927109716796875 0.191888017578125 0.2057791513671875 0.3140304814453125 0.21083353125 0.3171035634765625 0.2012987392578125
0 0.9924658291015624 0.9095386923828125 0.9868034365234375 0.88570718359375 0.9779895830078125 0.8882137021484375 0.9918198642578125 0.93170296875 0.9924658291015624 0.9095386923828125