0 0.166015625 0.272739955078125 0.2866908486328125 0.2943638388671875 0.287388392578125 0.2852957587890625 0.1674107138671875 0.2664620537109375 0.166015625 0.272739955078125
0 0.0864955361328125 0.350864955078125 0.0474330361328125 0.2462332587890625 0.0425502236328125 0.2462332587890625 0.082310267578125 0.3536551337890625 0.0864955361328125 0.350864955078125
0 0.062779017578125 0.2845982138671875 0.0020926337890625 0.2490234375 0.0013950888671875 0.258091517578125 0.057896205078125 0.288783482421875 0.062779017578125 0.2845982138671875
0 0.1834542412109375 0.3257533486328125 0.2992466513671875 0.311802455078125 0.293666294921875 0.3062220986328125 0.185546875 0.3173828125 0.1834542412109375 0.3257533486328125
0 0.179966517578125 0.4150390625 0.098353794921875 0.3243582587890625 0.0851004462890625 0.326450892578125 0.17578125 0.419921875 0.179966517578125 0.4150390625
0 0.1102120537109375 0.3466796875 0.1353236611328125 0.4624720986328125 0.145079490234375 0.4533666572265625 0.1150948662109375 0.3390066962890625 0.1102120537109375 0.3466796875
0 0.2490234375 0.3271484375 0.362025669921875 0.3173828125 0.3648158486328125 0.308314732421875 0.2518136162109375 0.322265625 0.2490234375 0.3271484375
0 0.3285435263671875 0.3138950888671875 0.3955078125 0.274135044921875 0.3955078125 0.2615792412109375 0.3271484375 0.302036830078125 0.3285435263671875 0.3138950888671875
0 0.3662109375 0.3696986611328125 0.3920200888671875 0.298549107421875 0.390625 0.2901785712890625 0.3592354912109375 0.362025669921875 0.3662109375 0.3696986611328125
0 0.386439732421875 0.5496651787109375 0.3773716513671875 0.4359654013671875 0.371791294921875 0.433872767578125 0.3780691962890625 0.5517578125 0.386439732421875 0.5496651787109375
0 0.2294921875 0.5775669638671875 0.1583426337890625 0.4959542412109375 0.152064732421875 0.4994419638671875 0.2218191962890625 0.5845424111328125 0.2294921875 0.5775669638671875
0 0.204380580078125 0.643833705078125 0.140904017578125 0.5678013388671875 0.13671875 0.5726841513671875 0.1953125 0.6508091513671875 0.204380580078125 0.643833705078125
0 0.2587890625 0.7247488837890625 0.224609375 0.6180245537109375 0.2162388388671875 0.615234375 0.2511160712890625 0.7303292412109375 0.2587890625 0.7247488837890625
0 0.0013950888671875 0.741489955078125 0.029994419921875 0.752650669921875 0.028599330078125 0.7456752236328125 0.0020926337890625 0.733119419921875 0.0013950888671875 0.741489955078125
0 0.054408482421875 0.7498604912109375 0.0027901787109375 0.7205636162109375 0 0.726841517578125 0.0502232138671875 0.756138392578125 0.054408482421875 0.7498604912109375
0 0.3738839287109375 0.8544921875 0.4861886162109375 0.869140625 0.48828125 0.8565848212890625 0.3690011162109375 0.8433314736328125 0.3738839287109375 0.8544921875
0 0.6103515625 0.8565848212890625 0.7240513388671875 0.869140625 0.7247488837890625 0.864955357421875 0.6103515625 0.8517020087890625 0.6103515625 0.8565848212890625
0 0.6703404013671875 0.8035714287109375 0.7861328125 0.8042689736328125 0.7847377236328125 0.7958984375 0.674525669921875 0.795200892578125 0.6703404013671875 0.8035714287109375
0 0.028599330078125 0.8119419638671875 0.0020926337890625 0.790318080078125 0.0013950888671875 0.7986886162109375 0.0244140625 0.8154296875 0.028599330078125 0.8119419638671875