0 0 0.7526917216796875 0.045987341796875 0.656956990234375 0.0434578984375 0.6545535703125 0 0.738129921875 0 0.7526917216796875
0 0.2445350888671875 0.7195089638671875 0.1203223447265625 0.7302838349609375 0.1175948662109375 0.73558576171875 0.2447061181640625 0.7300678125 0.2445350888671875 0.7195089638671875
0 0.2574073447265625 0.7055565224609375 0.1459318330078125 0.6855009990234375 0.14789417578125 0.69275626953125 0.250971216796875 0.7125327431640625 0.2574073447265625 0.7055565224609375
0 0.32980701953125 0.6992644296875 0.2166662138671875 0.68744534765625 0.2145508447265625 0.6935214111328125 0.3231278486328125 0.708320013671875 0.32980701953125 0.6992644296875
0 0 0.7240426533203125 0.0208369326171875 0.7158452958984375 0.0167952255859375 0.7083469833984375 0 0.7160741748046875 0 0.7240426533203125
0 0.0518743701171875 0.67872280078125 0.14216018359375 0.6035596552734375 0.1412960322265625 0.5929197919921875 0.0499120263671875 0.6714675302734375 0.0518743701171875 0.67872280078125
0 0.073271115234375 0.6699822734375 0.113589185546875 0.55946993359375 0.1050646953125 0.5542580205078125 0.0634053876953125 0.67023431640625 0.073271115234375 0.6699822734375
0 0.3471710517578125 0.749070150390625 0.2926395107421875 0.7167004775390625 0.2829808193359375 0.7211922626953124 0.3455867744140625 0.756613470703125 0.3471710517578125 0.749070150390625
0 0.3527880380859375 0.7370800517578125 0.3343438173828125 0.6604496357421875 0.3284747900390625 0.6625740068359375 0.339987796875 0.73839428125 0.3527880380859375 0.7370800517578125
0 0.125102205078125 0.527091267578125 0.1249401767578125 0.5284775087890625 0.2030828642578125 0.4610287119140625 0.2029568427734375 0.4560958486328125 0.1207364423828125 0.5223654384765625 0.125102205078125 0.527091267578125
0 0.1109877431640625 0.46150578515625 0.178895638671875 0.3914555302734375 0.1709022392578125 0.3877108740234375 0.1053167509765625 0.4559248076171875 0.1109877431640625 0.46150578515625
0 0.1946663935546875 0.43685948046875 0.21986181640625 0.329497689453125 0.214316845703125 0.3288495751953125 0.1871230732421875 0.4352752021484375 0.1946663935546875 0.43685948046875
0 0.24515625390625 0.2453329599609375 0.3369993388671875 0.180890689453125 0.3324715458984375 0.17755110546875 0.23601965625 0.2393469111328125 0.24515625390625 0.2453329599609375
0 0.3689459150390625 0.322332453125 0.4152860341796875 0.2504638779296875 0.4103081640625 0.2449639150390625 0.3621767294921875 0.320136068359375 0.3689459150390625 0.322332453125
0 0.423495482421875 0.162194427734375 0.5340528369140625 0.1540390126953125 0.5308662783203125 0.1452354716796875 0.4192917470703125 0.1560823564453125 0.423495482421875 0.162194427734375
0 0.6664840087890626 0.2292381923828125 0.5477982353515625 0.21677099609375 0.5496795634765625 0.2247193876953125 0.6633514599609375 0.2380057265625 0.6664840087890626 0.2292381923828125
0 0.0220162021484375 0.1707728818359375 0.05278358984375 0.15399394921875 0.055304033203125 0.1444522783203125 0.02266431640625 0.1652279111328125 0.0220162021484375 0.1707728818359375
0 0.0155350615234375 0.2262225869140625 0.0417836572265625 0.2180491591796875 0.0446731640625 0.2113609892578125 0.0173623837890625 0.216599904296875 0.0155350615234375 0.2262225869140625
0 0.0134376904296875 0.2561888330078125 0.0315308603515625 0.2456569912109375 0.030630703125 0.2413362353515625 0.0126995625 0.250481833984375 0.0134376904296875 0.2561888330078125
0 0.3542643125 0.586195640625 0.3737437373046875 0.4676268876953125 0.3570278115234375 0.466375666015625 0.3454607724609375 0.589382197265625 0.3542643125 0.586195640625