0 0.038925697265625 0.26304334765625 0.081979876953125 0.3745123896484375 0.094365326171875 0.3733328232421875 0.051311146484375 0.26304334765625 0.038925697265625 0.26304334765625
0 0.1633699716796875 0.2848653291015625 0.2943018623046875 0.3090464443359375 0.2943018623046875 0.2937120791015625 0.1669086708984375 0.275428796875 0.1633699716796875 0.2848653291015625
0 0.331458208984375 0.332637775390625 0.4022322041015625 0.277198146484375 0.394565021484375 0.2707105302734375 0.3261501591796875 0.3202523271484375 0.331458208984375 0.332637775390625
0 0.1828328203125 0.34443344140625 0.305507744140625 0.326739943359375 0.2996099111328125 0.316713626953125 0.1804736865234375 0.329688859375 0.1828328203125 0.34443344140625
0 0.2547863818359375 0.341484525390625 0.368614556640625 0.3249705927734375 0.368614556640625 0.3090464443359375 0.253606814453125 0.329099076171875 0.2547863818359375 0.341484525390625
0 0.3880774052734375 0.2860448955078125 0.356229107421875 0.379820439453125 0.368614556640625 0.385718271484375 0.398103720703125 0.291942728515625 0.3880774052734375 0.2860448955078125
0 0.3680247734375 0.4429272509765625 0.3751021728515625 0.5638328251953125 0.3863080556640625 0.5620634755859375 0.383359138671875 0.43702941796875 0.3680247734375 0.4429272509765625
0 0.094955109375 0.3491517080078125 0.1716269375 0.43702941796875 0.1769349873046875 0.424054185546875 0.104391642578125 0.34207430859375 0.094955109375 0.3491517080078125
0 0.12090557421875 0.3591780234375 0.1061609921875 0.3597678076171875 0.1362399404296875 0.4818529482421875 0.13211145703125 0.4842120810546875 0.1486253896484375 0.4800835986328125 0.12090557421875 0.3591780234375
0 0.1604210546875 0.52726626171875 0.2311950498046875 0.608066572265625 0.236503099609375 0.5980402568359375 0.1680882373046875 0.514291029296875 0.1604210546875 0.52726626171875
0 0.1397786396484375 0.591552640625 0.212321984375 0.6800201337890625 0.22234830078125 0.669993818359375 0.1509845224609375 0.583295673828125 0.1397786396484375 0.591552640625
0 0.225887 0.648761619140625 0.275428796875 0.7590510947265625 0.2848653291015625 0.754332828125 0.2370928828125 0.64699226953125 0.225887 0.648761619140625
0 0.7195356142578125 0.80505419140625 0.84339010546875 0.803874625 0.8380820556640625 0.7991563583984375 0.7218947470703125 0.7926687421875 0.7195356142578125 0.80505419140625
0 0.808003107421875 0.8622631708984375 0.6918157998046875 0.8486981552734375 0.685917966796875 0.856365337890625 0.8062337578125 0.871109919921875 0.808003107421875 0.8622631708984375
0 0.4547229169921875 0.8675712197265625 0.5750387080078125 0.869930353515625 0.578577408203125 0.861083603515625 0.4541331337890625 0.8557755546875 0.4547229169921875 0.8675712197265625
0 0 0.274887896484375 0.0623244599609375 0.3071138642578125 0.0650916865234375 0.2969864794921875 0 0.2587975458984375 0 0.274887896484375
0 0.0716159443359375 0.7635825205078125 0.0027913681640625 0.719687125 0.001614466796875 0.7379260751953125 0.064798970703125 0.7742078251953125 0.0716159443359375 0.7635825205078125
0 0.0280977607421875 0.8073632431640625 0.00231758984375 0.787208056640625 0.0003530703125 0.8001871640625 0.026462169921875 0.821558482421875 0.0280977607421875 0.8073632431640625