0 0.2020733173828125 0.4732572119140625 0.3117487978515625 0.4462139423828125 0.304236779296875 0.437950720703125 0.201322115234375 0.4679987978515625 0.2020733173828125 0.4732572119140625
0 0.1787860576171875 0.4056490380859375 0.29522235546875 0.418419470703125 0.29522235546875 0.408653845703125 0.1847956728515625 0.400390625 0.1787860576171875 0.4056490380859375
0 0.380859375 0.382361779296875 0.3372896630859375 0.477013220703125 0.34417662890625 0.478265396484375 0.3898737978515625 0.3876201923828125 0.380859375 0.382361779296875
0 0.271935095703125 0.460486779296875 0.35907451953125 0.3951322119140625 0.3568209130859375 0.392127404296875 0.267427884765625 0.4559795673828125 0.271935095703125 0.460486779296875
0 0.0202824521484375 0.294471154296875 0.001502404296875 0.25390625 0 0.2644230771484375 0.015775240234375 0.30048076953125 0.0202824521484375 0.294471154296875
0 0.030799279296875 0.3177584130859375 0.0007512021484375 0.23212139453125 0 0.244140625 0.025540865234375 0.3215144228515625 0.030799279296875 0.3177584130859375
0 0.120943509765625 0 0.0728665869140625 0.0187800478515625 0.074368990234375 0.0240384619140625 0.126953125 0.00225360546875 0.120943509765625 0
0 0.0923978369140625 0.46123798046875 0.008263220703125 0.406400240234375 0.0052584130859375 0.413912259765625 0.084134615234375 0.464993990234375 0.0923978369140625 0.46123798046875
0 0.1419771630859375 0.5596454326171875 0.0908954326171875 0.452974759765625 0.08563701953125 0.470252404296875 0.138221154296875 0.56640625 0.1419771630859375 0.5596454326171875
0 0.2140925478515625 0.6670673076171875 0.15625 0.5341045673828125 0.1509915869140625 0.537109375 0.205078125 0.6745793271484375 0.2140925478515625 0.6670673076171875
0 0.2201021630859375 0.6024639423828125 0.1412259619140625 0.51006610546875 0.13446514453125 0.51532451953125 0.21484375 0.60546875 0.2201021630859375 0.6024639423828125
0 0.042818509765625 0.7023737978515625 0.0045072119140625 0.67157451953125 0 0.6790865380859376 0.0420673076171875 0.7061298076171875 0.042818509765625 0.7023737978515625
0 0.033052884765625 0.755709134765625 0.0007512021484375 0.74444110546875 0 0.753455529296875 0.02704326953125 0.7647235576171875 0.033052884765625 0.755709134765625
0 0.0398137021484375 0.8203125 0.00225360546875 0.789513220703125 0.00225360546875 0.79852764453125 0.03155048046875 0.824068509765625 0.0398137021484375 0.8203125
0 0.2178485576171875 0.8743990380859376 0.310997595703125 0.8954326923828125 0.3125 0.887169470703125 0.2201021630859375 0.865384615234375 0.2178485576171875 0.8743990380859376
0 0.52509014453125 0.836087740234375 0.4154146630859375 0.8345853369140624 0.4143122080078125 0.842853751953125 0.52959735546875 0.8443509619140624 0.52509014453125 0.836087740234375
0 0.3816105771484375 0.643028845703125 0.38837139453125 0.646033654296875 0.380859375 0.525841345703125 0.38311298046875 0.525841345703125 0.37109375 0.5220853369140624 0.3816105771484375 0.643028845703125
0 0.37109375 0.51983173046875 0.3913762021484375 0.416165865234375 0.38311298046875 0.4131610576171875 0.369591345703125 0.51532451953125 0.37109375 0.51983173046875
0 0.58368389453125 0.8586237978515625 0.699368990234375 0.8526141826171875 0.697115384765625 0.8451021630859376 0.584435095703125 0.8503605771484375 0.58368389453125 0.8586237978515625
0 0.8976862978515625 0.8390925478515625 0.9915865380859376 0.8541165869140624 0.9893329326171875 0.845853365234375 0.899939904296875 0.830078125 0.8976862978515625 0.8390925478515625