0 0.1729910712890625 0.365513392578125 0.2957589287109375 0.3787667412109375 0.2964564736328125 0.3683035712890625 0.1771763388671875 0.3592354912109375 0.1729910712890625 0.365513392578125
0 0.0167410712890625 0.2713448662109375 0.025111607421875 0.269252232421875 0.0034877236328125 0.2064732138671875 0.0027901787109375 0.205078125 0 0.2176339287109375 0.0167410712890625 0.2713448662109375
0 0.1932198662109375 0.428989955078125 0.3048270087890625 0.4038783486328125 0.303431919921875 0.3955078125 0.1876395087890625 0.425502232421875 0.1932198662109375 0.428989955078125
0 0.2650669638671875 0.420619419921875 0.3585379462890625 0.370396205078125 0.3536551337890625 0.3648158486328125 0.262974330078125 0.4136439736328125 0.2650669638671875 0.420619419921875
0 0.3383091513671875 0.428989955078125 0.3885323662109375 0.3529575888671875 0.386439732421875 0.3452845986328125 0.331333705078125 0.428989955078125 0.3383091513671875 0.428989955078125
0 0.1185825888671875 0.4952566962890625 0.0753348212890625 0.394810267578125 0.067661830078125 0.3955078125 0.1095145087890625 0.4952566962890625 0.1185825888671875 0.4952566962890625
0 0 0.365513392578125 0.078822544921875 0.4150390625 0.087193080078125 0.4115513388671875 0 0.3564453125 0 0.365513392578125
0 0.2078683037109375 0.5489676337890625 0.126255580078125 0.453404017578125 0.1185825888671875 0.4568917412109375 0.1925223212890625 0.5489676337890625 0.2078683037109375 0.5489676337890625
0 0.1318359375 0.4750279013671875 0.1729910712890625 0.5873325888671875 0.1798720869140625 0.582171828125 0.1429966513671875 0.4736328125 0.1318359375 0.4750279013671875
0 0.370396205078125 0.4722377236328125 0.390625 0.3731863837890625 0.3836495537109375 0.3724888388671875 0.3641183037109375 0.4736328125 0.370396205078125 0.4722377236328125
0 0.3878348212890625 0.6180245537109375 0.380859375 0.4959542412109375 0.3745814736328125 0.492466517578125 0.380161830078125 0.6180245537109375 0.3878348212890625 0.6180245537109375
0 0.3306361611328125 0.780552455078125 0.2559988837890625 0.708705357421875 0.2518136162109375 0.7107979912109375 0.322265625 0.7882254462890625 0.3306361611328125 0.780552455078125
0 0.321568080078125 0.8126395087890625 0.428989955078125 0.8523995537109375 0.4296875 0.8447265625 0.3208705361328125 0.8070591513671875 0.321568080078125 0.8126395087890625
0 0.204380580078125 0.853794642578125 0.1199776787109375 0.8224051337890625 0.1157924111328125 0.829380580078125 0.2015904013671875 0.860072544921875 0.204380580078125 0.853794642578125
0 0.034877232421875 0.8168247763671875 0.0020926337890625 0.790318080078125 0 0.7958984375 0.0313895087890625 0.819614955078125 0.034877232421875 0.8168247763671875
0 0.0355747763671875 0.7568359375 0.0013950888671875 0.7407924111328125 0 0.746372767578125 0.0341796875 0.76171875 0.0355747763671875 0.7568359375
0 0.018833705078125 0.659877232421875 0.0013950888671875 0.6508091513671875 0.0013950888671875 0.658482142578125 0.015345982421875 0.663364955078125 0.018833705078125 0.659877232421875
0 0.6229073662109375 0.8447265625 0.7373046875 0.848911830078125 0.7373046875 0.840541294921875 0.6222098212890625 0.8363560263671875 0.6229073662109375 0.8447265625