0 0.0010712646484375 0.3947610107421875 0.0760597880859375 0.440825388671875 0.0798092138671875 0.4295771103515625 0.002142529296875 0.381370203125 0.0010712646484375 0.3947610107421875
0 0.0733816259765625 0.4295771103515625 0.122659798828125 0.536703572265625 0.1333724443359375 0.53456104296875 0.0857011689453125 0.430648375 0.0733816259765625 0.4295771103515625
0 0.1746161318359375 0.3894046875 0.2983471953125 0.403331126953125 0.2978115625 0.3963679072265625 0.1740805 0.3819058349609375 0.1746161318359375 0.3894046875
0 0.356195484375 0.378692041015625 0.2576391396484375 0.4424322861328125 0.2640667275390625 0.4467173447265625 0.3636943369140625 0.3861908935546875 0.356195484375 0.378692041015625
0 0.3074529443359375 0.4194000966796875 0.1933632626953125 0.445110447265625 0.1933632626953125 0.4542161962890625 0.31066673828125 0.4301127431640625 0.3074529443359375 0.4194000966796875
0 0.3969035400390625 0.370121923828125 0.382977099609375 0.36422996875 0.331020765625 0.453680564453125 0.3315563984375 0.4542161962890625 0.3395908828125 0.4611794169921875 0.3969035400390625 0.370121923828125
0 0.3733357177734375 0.51313575 0.37708514453125 0.6347242841796875 0.3894046875 0.6309748583984375 0.379227673828125 0.511528853515625 0.3733357177734375 0.51313575
0 0.12801612109375 0.4938529873046875 0.2099678642578125 0.585981744140625 0.2147885556640625 0.5768759951171875 0.134443708984375 0.48474723828125 0.12801612109375 0.4938529873046875
0 0.143013826171875 0.5099219560546875 0.175687396484375 0.610620830078125 0.1869356748046875 0.6095495654296875 0.151048310546875 0.5061725302734374 0.143013826171875 0.5099219560546875
0 0.3133448994140625 0.7900576533203125 0.4167219345703125 0.838264560546875 0.41832883203125 0.8286231796875 0.3160230615234375 0.7820231689453125 0.3133448994140625 0.7900576533203125
0 0.1687241767578125 0.8564760595703125 0.2619241982421875 0.88218641015625 0.26085293359375 0.8709381318359375 0.166046015625 0.84844157421875 0.1687241767578125 0.8564760595703125
0 0.46814263671875 0.859689853515625 0.581696685546875 0.854869162109375 0.5811610537109375 0.8479059423828125 0.470285166015625 0.8495128388671875 0.46814263671875 0.859689853515625
0 0.7729174189453125 0.8436208837890625 0.896112849609375 0.8446921484375 0.894505953125 0.83612203125 0.7755955810546875 0.8377289287109375 0.7729174189453125 0.8436208837890625
0 0 0.24787991796875 0.0133245947265625 0.2824923837890625 0.02000239453125 0.278440390625 0.0002194130859375 0.2344694658203125 0 0.24787991796875
0 0.0009635107421875 0.2364012578125 0.023124265625 0.302218126953125 0.029306 0.29998821875 0.00093727734375 0.2183640439453125 0.0009635107421875 0.2364012578125
0 0.0351872333984375 0.68504921875 0.0006105419921875 0.6599955458984375 0 0.668485890625 0.032537578125 0.693584876953125 0.0351872333984375 0.68504921875
0 0 0.7963919853515625 0.0340687021484375 0.826847521484375 0.0377677265625 0.819490017578125 0 0.7875987548828125 0 0.7963919853515625
0 0.3922487548828125 0.3963321064453125 0.383255421875 0.395005515625 0.361790935546875 0.482524689453125 0.369756458984375 0.489558013671875 0.3922487548828125 0.3963321064453125