0 0.3398083115234375 0.5167642666015625 0.2436355751953125 0.556527142578125 0.2475868974609375 0.5608301435546875 0.34296974609375 0.5241814091796875 0.3398083115234375 0.5167642666015625
0 0.3207844951171875 0.4852598046875 0.2033296376953125 0.486800708984375 0.201749865234375 0.4930289912109375 0.324115326171875 0.493429181640625 0.3207844951171875 0.4852598046875
0 0.3657098994140625 0.462929650390625 0.304025587890625 0.530030822265625 0.3102352119140625 0.54105133203125 0.372991109375 0.465465177734375 0.3657098994140625 0.462929650390625
0 0.3995740576171875 0.4543869091796875 0.3770632275390625 0.5530767734375 0.3829340595703125 0.56259281640625 0.403469228515625 0.4617514501953125 0.3995740576171875 0.4543869091796875
0 0.4078173828125 0.4843710869140625 0.410423916015625 0.5919615927734375 0.4173663330078125 0.592992650390625 0.4135749677734375 0.49007335546875 0.4078173828125 0.4843710869140625
0 0.418381767578125 0.5875692041015625 0.4514121591796875 0.7143812294921875 0.462304953125 0.7097784345703125 0.42622731640625 0.58929989453125 0.418381767578125 0.5875692041015625
0 0.1140558974609375 0.0704994150390625 0.1136038583984375 0.0651811728515625 0.0082718330078125 0.1182927177734375 0.0084043603515625 0.1201879541015625 0.015287953125 0.1219140185546875 0.1140558974609375 0.0704994150390625
0 0.2062239931640625 0.05930563671875 0.20024369140625 0.0857232314453125 0.2072422587890625 0.083692748046875 0.212658220703125 0.0580799892578125 0.2062239931640625 0.05930563671875
0 0.1337535234375 0.0652654052734375 0.1158060107421875 0.0749602216796875 0.1199267294921875 0.08001545703125 0.144025828125 0.064528986328125 0.1337535234375 0.0652654052734375
0 0.0396989560546875 0.4190359912109375 0.02772944921875 0.3965496025390625 0.02824833203125 0.40396996484375 0.036933408203125 0.4199986318359375 0.0396989560546875 0.4190359912109375
0 0.0404421318359375 0.5183519169921875 0.1421544599609375 0.566095435546875 0.14390362890625 0.5606193896484375 0.0468192646484375 0.51025095703125 0.0404421318359375 0.5183519169921875
0 0.1401797421875 0.5738807880859375 0.21570783984375 0.6708929140625 0.2187550849609375 0.6645594306640625 0.14254940234375 0.5645383662109374 0.1401797421875 0.5738807880859375
0 0.1984313037109375 0.61403869921875 0.29772065234375 0.70399673828125 0.3046621240234375 0.6950909423828125 0.20379300390625 0.611361185546875 0.1984313037109375 0.61403869921875
0 0.2175103291015625 0.63254476953125 0.2890889931640625 0.7451276005859375 0.2956916728515625 0.7347173349609375 0.225863123046875 0.626595310546875 0.2175103291015625 0.63254476953125
0 0.089569892578125 0.7663104833984375 0.1556099091796875 0.8013237724609374 0.1576978720703125 0.7973521943359375 0.089512796875 0.7594351708984375 0.089569892578125 0.7663104833984375
0 0.10340423828125 0.8310552529296875 0.1414471533203125 0.8443799140625 0.1422931904296875 0.8382042333984375 0.1035165400390625 0.8249321748046875 0.10340423828125 0.8310552529296875
0 0.114076205078125 0.87844602734375 0.157256216796875 0.90133933203125 0.158046103515625 0.89822519140625 0.1147528466796875 0.87151811328125 0.114076205078125 0.87844602734375
0 0.520180451171875 0.950230470703125 0.4180769560546875 0.94379143359375 0.4186422392578125 0.9529234501953125 0.5220438095703125 0.95850505078125 0.520180451171875 0.950230470703125
0 0.7603881611328125 0.8680378662109375 0.6583427060546875 0.878410994140625 0.6561424404296875 0.8885056513671875 0.7609534443359375 0.8771698818359375 0.7603881611328125 0.8680378662109375
0 0.9279064619140625 0.863672302734375 0.8223617236328125 0.8750606728515625 0.8251282138671875 0.884034884765625 0.9297698212890625 0.8719468828125 0.9279064619140625 0.863672302734375