0 0.0190052431640625 0.7703436640625 0.10371571875 0.7878277685546875 0.110113205078125 0.781303078125 0.0172699599609375 0.7576423466796876 0.0190052431640625 0.7703436640625
0 0.05571069921875 0.78480664453125 0.0484015654296875 0.7940734306640626 0.11383151953125 0.8712846923828125 0.1265545 0.8671232021484375 0.05571069921875 0.78480664453125
0 0.1655708134765625 0.976957392578125 0.1718243681640625 0.9662409111328125 0.106786306640625 0.8699301123046875 0.0986695 0.8764234501953125 0.1655708134765625 0.976957392578125
0 0.459502759765625 0.925304216796875 0.38582401171875 0.9713929921875 0.4054105849609375 0.970023365234375 0.462757455078125 0.93343537890625 0.459502759765625 0.925304216796875
0 0.438670953125 0.942294025390625 0.396535611328125 0.9706439638671875 0.4081560537109375 0.9698313837890625 0.44325312890625 0.9475885029296875 0.438670953125 0.942294025390625
0 0.501782701171875 0.6541881796875 0.5084517744140625 0.7751825634765624 0.5165205869140626 0.7746144892578125 0.50909981640625 0.6512563779296875 0.501782701171875 0.6541881796875
0 0.6090999111328125 0.8088965849609375 0.5566004091796874 0.914200935546875 0.5664764970703124 0.9174462861328125 0.6174486083984375 0.810377109375 0.6090999111328125 0.8088965849609375
0 0.5601196064453124 0.6700673955078125 0.4568085751953125 0.6137241865234375 0.4602391806640625 0.6294194912109375 0.557416646484375 0.68166602734375 0.5601196064453124 0.6700673955078125
0 0.59552147265625 0.728339583984375 0.53719276171875 0.6309250458984375 0.531459015625 0.63603139453125 0.5861571572265625 0.7351166943359375 0.59552147265625 0.728339583984375
0 0.58572567578125 0.590735865234375 0.4746256123046875 0.5809444833984375 0.47358599609375 0.5921647490234375 0.58410229296875 0.6008215625 0.58572567578125 0.590735865234375
0 0.6115315498046875 0.559940998046875 0.504477837890625 0.5703518388671875 0.504517798828125 0.5800591708984375 0.6102680263671875 0.5695223837890625 0.6115315498046875 0.559940998046875
0 0.7046628203125 0.52608258203125 0.58258298828125 0.56145656640625 0.5837025263671874 0.56965096484375 0.7037591552734375 0.53515965625 0.7046628203125 0.52608258203125
0 0.7313318701171875 0.6961790673828125 0.637632689453125 0.7855080302734375 0.6516991171875 0.7911798193359375 0.7396805673828125 0.697659591796875 0.7313318701171875 0.6961790673828125
0 0.7405203779296875 0.6379026640625 0.6533865625 0.743903669921875 0.668500587890625 0.7446901748046875 0.753251341796875 0.6400761552734375 0.7405203779296875 0.6379026640625
0 0.7753146396484375 0.6321001845703125 0.682966939453125 0.71562983203125 0.6905799013671875 0.7274165908203125 0.78516673046875 0.638308166015625 0.7753146396484375 0.6321001845703125
0 0.8154824189453125 0.7754687021484375 0.7676690634765625 0.8805519873046875 0.780791865234375 0.8855935185546875 0.82219975 0.7806999423828125 0.8154824189453125 0.7754687021484375
0 0.810852140625 0.820034638671875 0.80028033203125 0.8148352802734375 0.7546421474609375 0.9075950869140625 0.7679488955078125 0.9045681650390625 0.810852140625 0.820034638671875
0 0.890015009765625 0.2603017255859375 0.874051755859375 0.15319490625 0.866597140625 0.1594774091796875 0.8817789765625 0.2608646884765625 0.890015009765625 0.2603017255859375
0 0.8506836875 0.886170712890625 0.8835409619140625 0.8307468974609376 0.872115033203125 0.8290246728515624 0.8375461650390625 0.88805177734375 0.8506836875 0.886170712890625
0 0.469888765625 0.941461341796875 0.4826470146484375 0.96462246875 0.496089466796875 0.96368248046875 0.4804621494140625 0.93290897265625 0.469888765625 0.941461341796875
0 0.4659622724609375 0.9432006865234375 0.4598122255859375 0.966219232421875 0.4708828935546875 0.965445095703125 0.4756612578125 0.943223642578125 0.4659622724609375 0.9432006865234375
0 0.80957767578125 0.89552120703125 0.824914814453125 0.84347334765625 0.81508075 0.845710328125 0.7994461396484375 0.89782585546875 0.80957767578125 0.89552120703125