0 0.188633126953125 0.34615788671875 0.3051304501953125 0.386319677734375 0.3069432685546875 0.380354810546875 0.188386693359375 0.3397090419921875 0.188633126953125 0.34615788671875
0 0.3116720341796875 0.4091602099609375 0.1960920458984375 0.406849474609375 0.19671006640625 0.4190664765625 0.1983977294921875 0.4137822978515625 0.3105456328125 0.415286404296875 0.3116720341796875 0.4091602099609375
0 0.26810518359375 0.4202239443359375 0.3714703369140625 0.38770923828125 0.3724715830078125 0.382263732421875 0.268795478515625 0.4125750478515625 0.26810518359375 0.4202239443359375
0 0.341608552734375 0.44886081640625 0.4017410771484375 0.3827519072265625 0.3966897255859375 0.3751737802734375 0.3353056455078125 0.4480895712890625 0.341608552734375 0.44886081640625
0 0.0596332890625 0.2221059384765625 0.05024803125 0.1446292412109375 0.046250806640625 0.150790818359375 0.0510208193359375 0.22221208984375 0.0596332890625 0.2221059384765625
0 0.0815986171875 0.36115991015625 0.1080850771484375 0.477849171875 0.1170574873046875 0.4750639384765625 0.0920458916015625 0.35802216796875 0.0815986171875 0.36115991015625
0 0.0176612197265625 0.3062819130859375 0.0882259599609375 0.3787977490234375 0.0951747275390625 0.367846357421875 0.020614767578125 0.2978872451171875 0.0176612197265625 0.3062819130859375
0 0.1310897021484375 0.4294220234375 0.1243276796875 0.4355233173828125 0.1870099287109375 0.5432410224609375 0.192237384765625 0.5339825009765625 0.1310897021484375 0.4294220234375
0 0.359931095703125 0.5153662509765625 0.3454948427734375 0.632225568359375 0.3584586533203125 0.6345732646484376 0.37000869921875 0.5142390478515625 0.359931095703125 0.5153662509765625
0 0.14668563671875 0.451964279296875 0.1329824833984375 0.4536376640625 0.151295578125 0.572600814453125 0.163583568359375 0.574789673828125 0.14668563671875 0.451964279296875
0 0.08587288671875 0.7865429423828125 0.07917056640625 0.7961539736328125 0.16572382421875 0.8430636171875 0.1672025068359375 0.83502145703125 0.08587288671875 0.7865429423828125
0 0.2351403408203125 0.7531089228515625 0.312216837890625 0.8285534755859375 0.316156173828125 0.814797365234375 0.237974482421875 0.7376947841796875 0.2351403408203125 0.7531089228515625
0 0.34600021875 0.851874556640625 0.3467916259765625 0.8667425146484375 0.45375417578125 0.894678091796875 0.4579996611328125 0.8830913583984376 0.34600021875 0.851874556640625
0 0.6460300908203125 0.9126421689453125 0.6426030576171875 0.9278937685546875 0.7621603857421875 0.958463201171875 0.7614085673828125 0.9422294619140625 0.6460300908203125 0.9126421689453125
0 0.40267453125 0.4055079501953125 0.3964658916015625 0.4000229970703125 0.3614441513671875 0.4678340810546875 0.3690669853515625 0.4754406328125 0.40267453125 0.4055079501953125