0 0 0.36210792578125 0.07201176171875 0.4060175361328125 0.074060876953125 0.398406537109375 0 0.3533260029296875 0 0.36210792578125
0 0.07142630078125 0.3864045771484375 0.0626443779296875 0.3884536923828125 0.10977402734375 0.49793498828125 0.120605064453125 0.490909451171875 0.07142630078125 0.3864045771484375
0 0.1680274443359375 0.3618151943359375 0.29917081640625 0.3799645009765625 0.301219931640625 0.3682552705078125 0.1674419833984375 0.3533260029296875 0.1680274443359375 0.3618151943359375
0 0.3588878876953125 0.36210792578125 0.3580096953125 0.3615224638671875 0.2558466669921875 0.4142139970703125 0.2628722041015625 0.4221177275390625 0.36240065625 0.36708434765625 0.3588878876953125 0.36210792578125
0 0.18968951953125 0.4159703818359375 0.191738634765625 0.427679611328125 0.30736727734375 0.40045565234375 0.3020981240234375 0.3881609609375 0.18968951953125 0.4159703818359375
0 0.385233654296875 0.3383967353515625 0.3278584287109375 0.4247523037109375 0.3407385810546875 0.4314851103515625 0.3910882685546875 0.3427876962890625 0.385233654296875 0.3383967353515625
0 0.39225919140625 0.3717680400390625 0.3849409228515625 0.36708434765625 0.36210792578125 0.457245416015625 0.3767444619140625 0.45929453125 0.39225919140625 0.3717680400390625
0 0.38406273046875 0.491202181640625 0.369133462890625 0.4900312587890625 0.377329923828125 0.6178082265625 0.3881609609375 0.6142954580078125 0.38406273046875 0.491202181640625
0 0.1229469111328125 0.4462680126953125 0.1153359111328125 0.454757205078125 0.19847144140625 0.545503734375 0.21105886328125 0.5343799658203126 0.1229469111328125 0.4462680126953125
0 0.166856521484375 0.5844369228515625 0.1779802900390625 0.5800459609375 0.1390471015625 0.46588097265625 0.128216064453125 0.4655882421875 0.166856521484375 0.5844369228515625
0 0.2479429365234375 0.6926009306640625 0.2417955908203125 0.7025537763671875 0.31995469921875 0.77983469140625 0.3272729677734375 0.7678327314453125 0.2479429365234375 0.6926009306640625
0 0 0.7985138955078125 0.02952583203125 0.8227739736328125 0.0355438359375 0.81487534375 0 0.7892988271484375 0 0.7985138955078125
0 0.1068195693359375 0.8254068505859375 0.1073837578125 0.824090412109375 0.194268689453125 0.8556849326171875 0.1967135029296875 0.846845990234375 0.1075718203125 0.8154395322265625 0.1068195693359375 0.8254068505859375
0 0.2981345859375 0.8038059658203125 0.40709140234375 0.8485061982421875 0.4062931845703125 0.8385284677734375 0.3013274599609375 0.790236251953125 0.2981345859375 0.8038059658203125
0 0.590681642578125 0.84611154296875 0.71520371875 0.8473088701171875 0.7136072822265624 0.834537375 0.591479861328125 0.840124904296875 0.590681642578125 0.84611154296875
0 0 0.2117594150390625 0.0159840478515625 0.2698611748046875 0.0239683544921875 0.266346404296875 0 0.199825953125 0 0.2117594150390625
0 0 0.2308723583984375 0.007474951171875 0.24015541015625 0.0077351416015625 0.238991169921875 0.000066150390625 0.216008451171875 0 0.2308723583984375
0 0 0.6559258701171875 0.0157172421875 0.6670743515625 0.0158715927734375 0.6564175849609375 0.0014089951171875 0.647851158203125 0 0.6559258701171875
0 0.0337100458984375 0.7552920068359374 0.002822400390625 0.7389044443359375 0.0007982099609375 0.74734298046875 0.0337100458984375 0.7603899677734375 0.0337100458984375 0.7552920068359374