0 0.0929974931640625 0.06827563671875 0.2120529970703125 0.0185657392578125 0.201954109375 0.004658673828125 0.079211265625 0.05959779296875 0.0929974931640625 0.06827563671875
0 0.2512791669921875 0 0.1987310478515625 0.0277380205078125 0.2077806435546875 0.035143845703125 0.27422112890625 0 0.2512791669921875 0
0 0.30805515625 0 0.2858919873046875 0.038084171875 0.29726187890625 0.0374058759765625 0.3230563193359375 0 0.30805515625 0
0 0.01054834375 0.2615709931640625 0.005512876953125 0.2642083427734375 0.0309155791015625 0.358729318359375 0.03950571875 0.3558496875 0.01054834375 0.2615709931640625
0 0.001690015625 0.272394111328125 0.0198700791015625 0.3378823056640625 0.0273112353515625 0.33683400390625 0.0033700625 0.253114802734375 0.001690015625 0.272394111328125
0 0.1699125888671875 0.4389716943359375 0.2952652197265625 0.4465635986328125 0.29470919921875 0.43646475 0.17174160546875 0.43034247265625 0.1699125888671875 0.4389716943359375
0 0.0133621455078125 0.4515604736328125 0.00833666015625 0.4597919111328125 0.0930683896484375 0.525661177734375 0.1049574814453125 0.5128241884765625 0.0133621455078125 0.4515604736328125
0 0.1833178955078125 0.5076121171875 0.18752316796875 0.5170327138671875 0.3058681484375 0.477324962890625 0.301770501953125 0.47078915234375 0.1833178955078125 0.5076121171875
0 0.2599343203125 0.4976939375 0.3508599921875 0.4100876337890625 0.336563265625 0.405234880859375 0.335984970703125 0.407751212890625 0.2479284970703125 0.49539103515625 0.2599343203125 0.4976939375
0 0.3653092197265625 0.421430109375 0.3224965869140625 0.5254578935546875 0.334206517578125 0.5270364580078125 0.378749642578125 0.423749771484375 0.3653092197265625 0.421430109375
0 0.3770508525390625 0.4514838935546875 0.365995466796875 0.4506338603515625 0.3432493349609375 0.559221359375 0.35329152734375 0.5593386748046875 0.3770508525390625 0.4514838935546875
0 0.107037845703125 0.530149666015625 0.0971616455078125 0.540487083984375 0.1499202255859375 0.6477940048828125 0.16060785546875 0.636384744140625 0.107037845703125 0.530149666015625
0 0.1496368486328125 0.5645287890625 0.1386533232421875 0.5752137099609375 0.2105502373046875 0.673012298828125 0.221332001953125 0.660522814453125 0.1496368486328125 0.5645287890625
0 0.3623293056640625 0.54214308203125 0.3422584150390625 0.5458734609375 0.349150310546875 0.6645391123046875 0.3605822294921875 0.661068251953125 0.3623293056640625 0.54214308203125
0 0.1986031044921875 0.707114638671875 0.20835379296875 0.69821751953125 0.1608045771484375 0.5888088095703125 0.150977640625 0.59446106640625 0.1986031044921875 0.707114638671875
0 0 0.7025785537109375 0.0533010302734375 0.73893820703125 0.057797482421875 0.72853794140625 0 0.68796465625 0 0.7025785537109375
0 0.4167494453125 0.8981738076171875 0.52685491015625 0.8994600908203125 0.528110021484375 0.885057107421875 0.418874353515625 0.89026892578125 0.4167494453125 0.8981738076171875
0 0.702865921875 0.8283467470703125 0.8158449736328125 0.821376453125 0.811437939453125 0.810151294921875 0.7035876103515625 0.82006503125 0.702865921875 0.8283467470703125
0 0 0.3762271611328125 0.0159187060546875 0.3683490673828125 0.0136447607421875 0.3630664072265625 0 0.3668555546875 0 0.3762271611328125
0 0 0.36061496875 0.015415154296875 0.36254786328125 0.01638885546875 0.3557943984375 0 0.35065168359375 0 0.36061496875
0 0 0.80491015625 0.009806130859375 0.8117832060546875 0.0173159560546875 0.80626806640625 0 0.7948342197265625 0 0.80491015625
0 0.903370236328125 0.8259339541015625 0.90251253515625 0.83562663671875 0.9446838544921875 0.890329634765625 0.9469934814453125 0.8638255859375 0.903370236328125 0.8259339541015625