0 0.574552150390625 0.7464484970703125 0.495271626953125 0.760377591796875 0.5028542890625 0.771448482421875 0.5761919443359375 0.762051640625 0.574552150390625 0.7464484970703125
0 0.5147126103515625 0.7471411435546875 0.56790396484375 0.680499869140625 0.55392998828125 0.67737718359375 0.5053669560546875 0.74388066796875 0.5147126103515625 0.7471411435546875
0 0.55256416015625 0.7221960654296875 0.6555614794921875 0.7516585986328125 0.6571563466796875 0.7389710126953125 0.5508045546875 0.7089102568359374 0.55256416015625 0.7221960654296875
0 0.83516248828125 0.8873154677734375 0.8335533427734375 0.773852626953125 0.8210856416015625 0.7810290029296875 0.8249336416015625 0.8985083115234375 0.83516248828125 0.8873154677734375
0 0.80442436328125 0.7773057998046875 0.8175970791015625 0.6565976884765625 0.8000389033203125 0.659706388671875 0.7923298056640625 0.7851515869140625 0.80442436328125 0.7773057998046875
0 0.70586717578125 0.803922037109375 0.6074262607421875 0.7573108525390625 0.6070360234375 0.770116248046875 0.703984369140625 0.8140497861328125 0.70586717578125 0.803922037109375
0 0.7255511708984375 0.7649546943359375 0.6028150341796875 0.7439738369140625 0.6049340751953125 0.750307638671875 0.723668365234375 0.775082443359375 0.7255511708984375 0.7649546943359375
0 0.8173371240234375 0.787809697265625 0.7661138955078125 0.684942880859375 0.754974447265625 0.6953462099609375 0.8047051064453125 0.7955353798828125 0.8173371240234375 0.787809697265625
0 0.8147933525390625 0.63721828515625 0.7649873876953125 0.5411144775390625 0.7590890263671874 0.5474147578125 0.8011617177734375 0.6406183994140625 0.8147933525390625 0.63721828515625
0 0.85609897265625 0.579641515625 0.8207599384765625 0.485012470703125 0.8099491259765625 0.49431718359375 0.8459009267578125 0.5849809697265625 0.85609897265625 0.579641515625
0 0.5803681240234375 0.602413408203125 0.610845685546875 0.4756098515625 0.5996035185546875 0.4748557099609375 0.5655417578125 0.6078906513671875 0.5803681240234375 0.602413408203125
0 0.6694937294921876 0.363891802734375 0.6635678046875 0.26294294140625 0.6494124169921875 0.273844369140625 0.658070150390625 0.3771617744140625 0.6694937294921876 0.363891802734375
0 0.8109006943359375 0.4259646396484375 0.8012264033203125 0.42380278125 0.7720188818359375 0.5444438466796875 0.7891286083984375 0.544751099609375 0.8109006943359375 0.4259646396484375
0 0.8457738818359375 0.353471826171875 0.7975665927734376 0.2501069130859375 0.7846504423828125 0.2606992392578125 0.8345899267578125 0.3621071279296875 0.8457738818359375 0.353471826171875
0 0.7661268408203125 0.2325327578125 0.69611990234375 0.1407051591796875 0.686308705078125 0.15433544140625 0.7603927978515626 0.2382837294921875 0.7661268408203125 0.2325327578125
0 0.612817048828125 0.192999232421875 0.496711849609375 0.1594355 0.4974718408203125 0.1683957392578125 0.6095306845703125 0.203985390625 0.612817048828125 0.192999232421875
0 0.8744124462890625 0.873030046875 0.827414439453125 0.8319474052734375 0.822521802734375 0.8427463994140625 0.8693312587890625 0.890016216796875 0.8744124462890625 0.873030046875
0 0.2579902978515625 0.123472794921875 0.26400504296875 0.103365783203125 0.156302884765625 0.0922817412109375 0.1611041767578125 0.1057737138671875 0.2579902978515625 0.123472794921875