0 0.1885516826171875 0.484525240234375 0.306490384765625 0.4875300478515625 0.30498798046875 0.4830228369140625 0.185546875 0.47626201953125 0.1885516826171875 0.484525240234375
0 0.213341345703125 0.5618990380859376 0.32001201953125 0.5243389423828125 0.3155048076171875 0.5183293271484375 0.2118389423828125 0.55438701953125 0.213341345703125 0.5618990380859376
0 0.277193509765625 0.5423677880859376 0.3560697119140625 0.4522235576171875 0.3485576923828125 0.443209134765625 0.271935095703125 0.5318509619140624 0.277193509765625 0.5423677880859376
0 0.355318509765625 0.567908654296875 0.386868990234375 0.46649639453125 0.379356970703125 0.460486779296875 0.345552884765625 0.56640625 0.355318509765625 0.567908654296875
0 0.3740985576171875 0.601712740234375 0.392127404296875 0.501802884765625 0.3861177880859375 0.494290865234375 0.367337740234375 0.597205529296875 0.3740985576171875 0.601712740234375
0 0.37334735546875 0.582181490234375 0.3816105771484375 0.7001201923828125 0.39136317578125 0.6962191533203125 0.3801081728515625 0.5709134619140624 0.37334735546875 0.582181490234375
0 0.130709134765625 0.56415264453125 0.040564904296875 0.506310095703125 0.0345552880859375 0.51006610546875 0.128455529296875 0.572415865234375 0.130709134765625 0.56415264453125
0 0.0480769228515625 0.398888220703125 0.009765625 0.3079927880859375 0.008263220703125 0.3177584130859375 0.042818509765625 0.41015625 0.0480769228515625 0.398888220703125
0 0.0345552880859375 0.3913762021484375 0.0030048076171875 0.291466345703125 0 0.30048076953125 0.0300480771484375 0.38837139453125 0.0345552880859375 0.3913762021484375
0 0.001502404296875 0.4296875 0.029296875 0.41766826953125 0.025540865234375 0.4131610576171875 0.0007512021484375 0.42217548046875 0.001502404296875 0.4296875
0 0.0262920673828125 0.4109074521484375 0.0030048076171875 0.400390625 0 0.4071514423828125 0.025540865234375 0.413912259765625 0.0262920673828125 0.4109074521484375
0 0.189302884765625 0.0811298076171875 0.277193509765625 0.027794470703125 0.2734375 0.0225360576171875 0.185546875 0.072115384765625 0.189302884765625 0.0811298076171875
0 0.21259014453125 0.7001201923828125 0.1457331728515625 0.6009615380859376 0.140474759765625 0.60772235546875 0.199068509765625 0.7023737978515625 0.21259014453125 0.7001201923828125
0 0.2629206728515625 0.74969951953125 0.1983173076171875 0.643028845703125 0.1923076923828125 0.6497896630859376 0.25390625 0.755709134765625 0.2629206728515625 0.74969951953125
0 0.26592548046875 0.714393029296875 0.184044470703125 0.623497595703125 0.17803485546875 0.6295072119140624 0.26141826953125 0.72265625 0.26592548046875 0.714393029296875
0 0.0773737978515625 0.75420673046875 0.001502404296875 0.703125 0 0.711388220703125 0.072115384765625 0.7624699521484375 0.0773737978515625 0.75420673046875
0 0 0.7549579326171875 0.0443209130859375 0.7744891826171875 0.045072115234375 0.7684795673828125 0 0.748197115234375 0 0.7549579326171875
0 0.0435697119140625 0.826322115234375 0.00225360546875 0.79326923046875 0.001502404296875 0.8015324521484375 0.0383112978515625 0.8293269228515625 0.0435697119140625 0.826322115234375
0 0.5949519228515625 0.9172175478515625 0.694861779296875 0.916466345703125 0.693359375 0.906700720703125 0.5964543271484375 0.911959134765625 0.5949519228515625 0.9172175478515625
0 0.877403845703125 0.8390925478515625 0.9818209130859376 0.84735576953125 0.9818209130859376 0.83984375 0.8796574521484375 0.831580529296875 0.877403845703125 0.8390925478515625
0 0.2734375 0.08037860546875 0.3125 0 0.302734375 0.0030048076171875 0.2681790869140625 0.0728665869140625 0.2734375 0.08037860546875
0 0.068359375 0.1164362978515625 0.1847956728515625 0.0676081728515625 0.177283654296875 0.062349759765625 0.069861779296875 0.1081730771484375 0.068359375 0.1164362978515625
0 0.1103250859375 0.7826546162109375 0.1114783095703125 0.7730444169921875 0.0230644775390625 0.7192273017578125 0.0176827666015625 0.727299869140625 0.1103250859375 0.7826546162109375