0 0.3070676328125 0.292207015625 0.2609917802734375 0.35091221875 0.2692886982421875 0.3566378642578125 0.3151371708984375 0.299001181640625 0.3070676328125 0.292207015625
0 0.4002085390625 0.0570447587890625 0.3267334072265625 0.0076048046875 0.2985472490234375 0.0069487646484375 0.3952939912109375 0.06435778125 0.4002085390625 0.0570447587890625
0 0.451370107421875 0.163822578125 0.377302302734375 0.0621057265625 0.3676075302734375 0.06557931640625 0.4373162880859375 0.1641078095703125 0.451370107421875 0.163822578125
0 0.312431673828125 0.256478595703125 0.3171054697265625 0.126672388671875 0.3071032099609375 0.12896064453125 0.3029978623046875 0.2560955517578125 0.312431673828125 0.256478595703125
0 0.3501458681640625 0.152897341796875 0.3171912666015625 0.27093622265625 0.3249868974609375 0.27375694140625 0.3595796806640625 0.1532803857421875 0.3501458681640625 0.152897341796875
0 0.3483167314453125 0.224620412109375 0.334797779296875 0.22502245703125 0.3159512099609375 0.329369798828125 0.3281058876953125 0.3353788759765625 0.3483167314453125 0.224620412109375
0 0.364944568359375 0.349015212890625 0.36209706640625 0.3360933583984375 0.2752729794921875 0.3495584677734375 0.2742627216796875 0.362196888671875 0.364944568359375 0.349015212890625
0 0.3826768720703125 0.078934021484375 0.381018056640625 0.0919898896484375 0.487689291015625 0.1404455498046875 0.4896891728515625 0.125786900390625 0.3826768720703125 0.078934021484375
0 0.546530802734375 0.4110366044921875 0.5507502646484375 0.399099060546875 0.4337150703125 0.3651526328125 0.4323378466796875 0.363733673828125 0.4302578544921875 0.37613846875 0.546530802734375 0.4110366044921875
0 0.5071047314453125 0.14915853125 0.575162357421875 0.2422946171875 0.5836271767578125 0.234079693359375 0.51947383984375 0.1462690068359375 0.5071047314453125 0.14915853125
0 0.60361875 0.22167309765625 0.5976008876953125 0.231540607421875 0.706137681640625 0.2764900732421875 0.7110057001953125 0.2641350830078125 0.60361875 0.22167309765625
0 0.6560899560546875 0.2197144814453125 0.58652078515625 0.136311890625 0.582789662109375 0.143324279296875 0.6489558310546875 0.2243063974609375 0.6560899560546875 0.2197144814453125
0 0.776275724609375 0.4729529873046875 0.700166771484375 0.40713117578125 0.692497779296875 0.41160627734375 0.7597749482421875 0.471585630859375 0.776275724609375 0.4729529873046875
0 0.7880990146484375 0.3016583115234375 0.8440072275390625 0.4150636767578125 0.853782109375 0.4138439404296875 0.796543201171875 0.3040615830078125 0.7880990146484375 0.3016583115234375
0 0.8496253916015625 0.625390146484375 0.85160421875 0.5056180673828125 0.840519275390625 0.4998426171875 0.8396902919921875 0.6221021748046875 0.8496253916015625 0.625390146484375
0 0.756130044921875 0.7385934794921875 0.777839484375 0.6102714404296875 0.7707053603515625 0.6148633564453125 0.7468435029296875 0.7348880615234376 0.756130044921875 0.7385934794921875
0 0.342143068359375 0.0247953251953125 0.3373927294921875 0.0078529033203125 0.3296221240234375 0.0076720400390625 0.33588487890625 0.0279012744140625 0.342143068359375 0.0247953251953125
0 0.82079837109375 0.0750773984375 0.8250396630859375 0.103414876953125 0.8342679296875 0.103697470703125 0.8291390126953125 0.074996462890625 0.82079837109375 0.0750773984375
0 0.793069794921875 0.066249044921875 0.80770766796875 0.1025754404296875 0.81468012109375 0.095455712890625 0.8029092646484375 0.068397951171875 0.793069794921875 0.066249044921875
0 0.876178611328125 0.0843997255859375 0.8917312880859375 0.1166479873046875 0.90378731640625 0.1128983935546875 0.8867502578125 0.0867085361328125 0.876178611328125 0.0843997255859375