0 0.184674455078125 0.90838696875 0.190757966796875 0.7989615849609375 0.1845893115234375 0.797923439453125 0.177838802734375 0.9075530458984375 0.184674455078125 0.90838696875
0 0.39534733984375 0.7685156328125 0.281031921875 0.828395416015625 0.28440515234375 0.8368749423828125 0.4002627353515625 0.7772546953125 0.39534733984375 0.7685156328125
0 0.399604197265625 0.7540413134765624 0.399939810546875 0.7480848017578124 0.290845609375 0.77782889453125 0.28884462109375 0.778441560546875 0.29205216015625 0.7840449423828125 0.399604197265625 0.7540413134765624
0 0.461435109375 0.710963064453125 0.3552553134765625 0.75005888671875 0.35821219921875 0.7572024521484375 0.463725 0.7183108515625 0.461435109375 0.710963064453125
0 0.1431592451171875 0.9064637978515625 0.189194654296875 0.857246060546875 0.1837779560546875 0.8515873642578125 0.1382013701171875 0.8999328984375 0.1431592451171875 0.9064637978515625
0 0.2038005234375 0.810334291015625 0.2535659248046875 0.705095556640625 0.245646935546875 0.7031298935546875 0.1976318681640625 0.8092961455078125 0.2038005234375 0.810334291015625
0 0.217144671875 0.7945410458984375 0.20751764453125 0.67455984375 0.2001806904296875 0.6768062880859375 0.2094721044921875 0.802744001953125 0.217144671875 0.7945410458984375
0 0.2066084560546875 0.6528866435546875 0.2477836416015625 0.5575952724609375 0.243199630859375 0.554608498046875 0.2006904541015625 0.6503083154296875 0.2066084560546875 0.6528866435546875
0 0.1629859677734375 0.59965662109375 0.1621107998046875 0.59919286328125 0.198366361328125 0.5068712294921875 0.1909061943359375 0.5040333642578125 0.1568173115234375 0.5986184765625 0.1629859677734375 0.59965662109375
0 0.23232375390625 0.545499271484375 0.2312404140625 0.5443675322265625 0.2103551865234375 0.4351505810546875 0.200057115234375 0.4419622626953125 0.222526986328125 0.5492305849609375 0.23232375390625 0.545499271484375
0 0.4423426962890625 0.6004654658203125 0.410080287109375 0.4852196552734375 0.404536146484375 0.486185451171875 0.4341305732421875 0.60224815234375 0.4423426962890625 0.6004654658203125
0 0.5028101875 0.754637134765625 0.4418713642578125 0.75134393359375 0.4357409599609375 0.75980642578125 0.5037236064453126 0.7646015302734375 0.5028101875 0.754637134765625
0 0.4985235390625 0.7361932119140625 0.4540258818359375 0.6824994296875 0.4418542626953125 0.6832992841796875 0.4946447744140625 0.742502853515625 0.4985235390625 0.7361932119140625
0 0.3493494541015625 0.3677145771484375 0.3589378671875 0.248435423828125 0.351392740234375 0.25001388671875 0.3400539912109375 0.3683655224609375 0.3493494541015625 0.3677145771484375
0 0.1847882978515625 0.3624895927734375 0.23205140625 0.2609438916015625 0.226341576171875 0.2590335439453125 0.1749915302734375 0.3662209052734375 0.1847882978515625 0.3624895927734375
0 0.348138310546875 0.14344761328125 0.26132695703125 0.221248037109375 0.2663273125 0.225570771484375 0.350593892578125 0.153671546875 0.348138310546875 0.14344761328125