0 0.376971224609375 0 0.3621629892578125 0.0219045673828125 0.3658486123046875 0.0256800087890625 0.3713368173828125 0.0248683017578125 0.3898962529296875 0 0.376971224609375 0
0 0.2978395556640625 0 0.2775354541015625 0.007800880859375 0.2822485224609375 0.01532679296875 0.3211196845703125 0 0.2978395556640625 0
0 0.232876224609375 0 0.156882697265625 0.0207674501953125 0.163909337890625 0.03227173046875 0.275063896484375 0 0.232876224609375 0
0 0.0639470224609375 0.2108092333984375 0.058827677734375 0.2118041064453125 0.0753150556640625 0.3084946416015625 0.080581732421875 0.3048630625 0.0639470224609375 0.2108092333984375
0 0.057227994140625 0.189457349609375 0.05272219140625 0.210151626953125 0.065450521484375 0.2896285947265625 0.07320398046875 0.2849160615234375 0.057227994140625 0.189457349609375
0 0.05132800390625 0.404328142578125 0.0470021865234375 0.4131640009765625 0.1249517373046875 0.487401220703125 0.132024333984375 0.4776468564453125 0.05132800390625 0.404328142578125
0 0.19949720703125 0.40809973046875 0.32208294921875 0.4373161630859375 0.3219519052734375 0.42745635546875 0.2035523330078125 0.4006211328125 0.19949720703125 0.40809973046875
0 0.3692821103515625 0.40047827734375 0.274388474609375 0.474300486328125 0.2832100517578125 0.4814845546875 0.37639360546875 0.405719892578125 0.3692821103515625 0.40047827734375
0 0.391154158203125 0.4228561025390625 0.3416325986328125 0.523922896484375 0.35063559375 0.5278602490234375 0.4042098876953125 0.4251695458984375 0.391154158203125 0.4228561025390625
0 0.400729310546875 0.4589808515625 0.3909156728515625 0.4556024677734375 0.356068736328125 0.5637194541015625 0.3645341728515625 0.5610038271484376 0.400729310546875 0.4589808515625
0 0.3246829072265625 0.465178791015625 0.206399556640625 0.48450244140625 0.212518513671875 0.4947206796875 0.324769791015625 0.4729229345703125 0.3246829072265625 0.465178791015625
0 0.1642083388671875 0.5518887978515625 0.227550240234375 0.6582597783203125 0.233362970703125 0.65001444921875 0.17300961328125 0.54955870703125 0.1642083388671875 0.5518887978515625
0 0.180685255859375 0.6275151005859375 0.135809228515625 0.5151408955078125 0.1292515 0.516671720703125 0.174991462890625 0.626206970703125 0.180685255859375 0.6275151005859375
0 0.1766775791015625 0.5819243125 0.2143643193359375 0.6930245947265625 0.22569793359375 0.6869543681640625 0.18409985546875 0.5760586201171874 0.1766775791015625 0.5819243125
0 0.362192923828125 0.53700406640625 0.350639369140625 0.6591265712890625 0.3602445009765625 0.6602301689453125 0.3777230029296875 0.536763916015625 0.362192923828125 0.53700406640625
0 0.07287305859375 0.68291290625 0.007264998046875 0.624352400390625 0.0074198388671875 0.6376594365234375 0.064128810546875 0.6864499189453125 0.07287305859375 0.68291290625
0 0.038373037109375 0.6558552890625 0.007260103515625 0.6239317734375 0.0074166767578125 0.63738765234375 0.0342280986328125 0.6646953525390625 0.038373037109375 0.6558552890625
0 0.607122783203125 0.91970265625 0.502446166015625 0.902650240234375 0.50020017578125 0.909433158203125 0.6038411708984375 0.927199677734375 0.607122783203125 0.91970265625
0 0.794822205078125 0.878759875 0.869645974609375 0.897703341796875 0.86941909375 0.889883828125 0.796147232421875 0.8736089892578125 0.794822205078125 0.878759875
0 0.0565717333984375 0.31111557421875 0.0310233525390625 0.3180013955078125 0.0291548818359375 0.3281226669921875 0.0615130029296875 0.32008826953125 0.0565717333984375 0.31111557421875
0 0.064776544921875 0.3112363466796875 0.036054830078125 0.2930345283203125 0.033873634765625 0.303709978515625 0.06023190625 0.317986302734375 0.064776544921875 0.3112363466796875