0 0.517842666015625 1 0.56682696875 0.9163431533203125 0.5585865078125 0.91396992578125 0.510335298828125 1 0.517842666015625 1
0 0.494770546875 0.8363392568359375 0.487053705078125 0.7081533330078125 0.474183619140625 0.711267146484375 0.482733861328125 0.835430361328125 0.494770546875 0.8363392568359375
0 0.5335795712890625 0.7364721767578125 0.4543590927734375 0.6520605556640625 0.4479240517578125 0.6536174619140624 0.4449495341796875 0.656384125 0.52745684375 0.7460050673828125 0.5335795712890625 0.7364721767578125
0 0.5578249501953125 0.81016640234375 0.5119028583984375 0.694635603515625 0.5040557138671875 0.7009010966796875 0.5507995126953125 0.817734228515625 0.5578249501953125 0.81016640234375
0 0.442774185546875 0.633165193359375 0.5428747431640625 0.6715849814453125 0.5508838916015625 0.6666449599609375 0.44437167578125 0.61913200390625 0.442774185546875 0.633165193359375
0 0.4687573603515625 0.6289257783203125 0.5777238515625 0.6477327626953125 0.5787426396484375 0.634385453125 0.470759859375 0.6182062734375 0.4687573603515625 0.6289257783203125
0 0.578823640625 0.635048189453125 0.703438498046875 0.6246863349609375 0.7043645908203126 0.6160013271484375 0.5764512119140625 0.6264788974609375 0.578823640625 0.635048189453125
0 0.6060977744140625 0.8690405703125 0.6933541640625 0.78611008984375 0.6887596171875 0.7756220185546875 0.601746232421875 0.8605407080078125 0.6060977744140625 0.8690405703125
0 0.5650791669921875 0.9237258310546875 0.6634110712890625 0.8663643681640625 0.65973092578125 0.8525163251953125 0.5609013193359375 0.911226404296875 0.5650791669921875 0.9237258310546875
0 0.6265720009765625 0.8576730517578125 0.733630376953125 0.80666123828125 0.7255059931640625 0.788975634765625 0.6246162724609375 0.8470924072265625 0.6265720009765625 0.8576730517578125
0 0.948046904296875 0.7558766337890624 0.9568686005859375 0.643749978515625 0.9432578095703125 0.646224197265625 0.937665326171875 0.752247361328125 0.948046904296875 0.7558766337890624
0 0.8848130244140625 0.52580808203125 0.867755931640625 0.407933501953125 0.8572699677734374 0.4142915703125 0.87664187109375 0.5294226279296875 0.8848130244140625 0.52580808203125
0 0.8628382216796875 0.3568564814453125 0.878254431640625 0.358312396484375 0.8588015263671875 0.2425186015625 0.845445431640625 0.241655994140625 0.8628382216796875 0.3568564814453125
0 0.3941952900390625 1 0.42979211328125 0.98770835546875 0.427500685546875 0.9798017998046875 0.3679282099609375 1 0.3941952900390625 1
0 0.7809114990234375 1 0.8081043076171875 0.9498102783203125 0.79715571875 0.94154184765625 0.76643594140625 1 0.7809114990234375 1
0 0.40321298046875 1 0.4051841435546875 0.999123390625 0.401439404296875 0.9946629384765625 0.38971077734375 1 0.40321298046875 1
0 0.127539234375 0.9524862626953124 0.0795440126953125 0.8664690029296875 0.0812758525390625 0.8845204091796876 0.1178915048828125 0.9628340693359375 0.127539234375 0.9524862626953124
0 0.857378509765625 0.943700603515625 0.8350755986328126 0.9990881064453125 0.8460796015625 0.9997275966796875 0.8660255185546875 0.945949599609375 0.857378509765625 0.943700603515625
0 0.913506310546875 0.950197880859375 0.8849440263671875 0.997014291015625 0.8914799462890625 0.99813489453125 0.920705109375 0.9544471611328125 0.913506310546875 0.950197880859375