0 0.8227499404296875 0.755496052734375 0.92594957421875 0.7216824130859375 0.9325224072265625 0.7094946376953125 0.819936548828125 0.7390009287109375 0.8227499404296875 0.755496052734375
0 0.8107070458984375 0.83224109375 0.877026158203125 0.7507178662109375 0.8626184814453125 0.7477815263671875 0.7957437138671875 0.8352696064453125 0.803506634765625 0.8394917001953125 0.8107070458984375 0.83224109375
0 0.8180007880859375 0.8473367900390625 0.8238304638671875 0.8372896328125 0.81478328515625 0.8351797392578125 0.750317796875 0.943501015625 0.7617673994140625 0.9490065576171876 0.8180007880859375 0.8473367900390625
0 0.576461298828125 1 0.5815051748046876 0.99478366015625 0.493617556640625 0.9507289267578125 0.485726078125 0.9562302998046875 0.567320884765625 1 0.576461298828125 1
0 0.4748423671875 0.9384041767578125 0.4668823388671875 0.9446414287109375 0.5570414306640625 0.98807598046875 0.56250806640625 0.98220076171875 0.4748423671875 0.9384041767578125
0 0.41418524609375 0.677866935546875 0.4042912392578125 0.8048500791015625 0.4162945166015625 0.8006324755859375 0.42993698046875 0.6801486201171875 0.41418524609375 0.677866935546875
0 0.3632897734375 0.710099611328125 0.474291515625 0.6558140390625 0.474888703125 0.6442101689453125 0.364804841796875 0.69902875 0.3632897734375 0.710099611328125
0 0.32183204296875 0.6410196572265625 0.434367154296875 0.62220512109375 0.4366203359375 0.6135970322265625 0.324457705078125 0.623219904296875 0.32183204296875 0.6410196572265625
0 0.409346736328125 0.615558234375 0.4127874482421875 0.6045885078125 0.2964977802734375 0.601389791015625 0.2970302333984375 0.6164465986328125 0.409346736328125 0.615558234375
0 0.230255794921875 0.5906387451171875 0.2244529697265625 0.6009996123046875 0.3429760263671875 0.6217684775390625 0.3471548515625 0.6132615244140625 0.230255794921875 0.5906387451171875
0 0.3787665029296875 0.663401908203125 0.31763803125 0.7639389501953125 0.3257191845703125 0.770665791015625 0.387418951171875 0.669189150390625 0.3787665029296875 0.663401908203125
0 0.29314247265625 0.82955504296875 0.3513399052734375 0.9266630458984375 0.3598834228515625 0.923233337890625 0.3015191708984375 0.82272296484375 0.29314247265625 0.82955504296875
0 0.1596101396484375 0.90466396875 0.1641966982421875 0.90348803515625 0.12526173828125 0.8003767099609375 0.124286322265625 0.798200251953125 0.11938699609375 0.8052631748046875 0.1596101396484375 0.90466396875
0 0.16873875 0.9382025263671875 0.18189811328125 0.936060015625 0.1290097998046875 0.8284376767578125 0.12166878515625 0.8313580390625 0.16873875 0.9382025263671875
0 0.1398127294921875 0.62899734765625 0.215874259765625 0.7458653876953125 0.2233028359375 0.742005078125 0.2198482578125 0.7335588623046875 0.14762271484375 0.626101615234375 0.1398127294921875 0.62899734765625
0 0.1428948115234375 0.6591485673828125 0.2079140146484375 0.7579625556640625 0.212682 0.7523095546875 0.150382751953125 0.657180466796875 0.1428948115234375 0.6591485673828125
0 0.1242369013671875 0.61660861328125 0.1237679306640625 0.6165839833984375 0.1866923525390625 0.7176493203125 0.1933143291015625 0.712329828125 0.131077779296875 0.6089392509765625 0.1242369013671875 0.61660861328125
0 0.42726813671875 0.9986019658203125 0.4529637587890625 0.9551554423828125 0.446205193359375 0.946392935546875 0.4196613212890625 0.997888791015625 0.42726813671875 0.9986019658203125
0 0.4665710634765625 1 0.4523348134765625 0.9491773046875 0.4435844736328125 0.955838283203125 0.45787715234375 1 0.4665710634765625 1
0 0.35721166015625 0.9949145205078125 0.34496897265625 0.9723682587890625 0.3399607724609375 0.973237013671875 0.35099682421875 0.9950020283203125 0.35721166015625 0.9949145205078125
0 0.1821959111328125 0.9848948857421875 0.1617899833984375 0.930960716796875 0.1532437744140625 0.93693717578125 0.174749958984375 0.9857455546875 0.1821959111328125 0.9848948857421875
0 0.1487885693359375 0.9843820634765625 0.1089148251953125 0.9290875283203125 0.1024337900390625 0.9364837041015625 0.13175230859375 0.9834873203125 0.1487885693359375 0.9843820634765625