0 0.6568907294921875 0.311355529296875 0.7797818466796875 0.26890362890625 0.77776769921875 0.2611345087890625 0.657346140625 0.2995811845703125 0.6568907294921875 0.311355529296875
0 0.555230306640625 0.2842317509765625 0.547549318359375 0.290796193359375 0.6199318447265625 0.343975341796875 0.622429240234375 0.3370270458984375 0.555230306640625 0.2842317509765625
0 0.5992927138671875 0.390412974609375 0.563826818359375 0.30425397265625 0.5532537236328126 0.311223220703125 0.5913769765625 0.3981081435546875 0.5992927138671875 0.390412974609375
0 0.583836830078125 0.330729701171875 0.6986103330078125 0.3380862001953125 0.7009766015625 0.3300699140625 0.585160814453125 0.3232252587890625 0.583836830078125 0.330729701171875
0 0.641120291015625 0.330396888671875 0.768828462890625 0.3289897685546875 0.7719834892578125 0.3183013876953125 0.64323303125 0.3202203505859375 0.641120291015625 0.330396888671875
0 0.87180817578125 0.3548310205078125 0.89915173046875 0.243412625 0.887611466796875 0.235878994140625 0.860774970703125 0.351617892578125 0.87180817578125 0.3548310205078125
0 0.8835362294921875 0.2825598935546875 0.9434066181640625 0.23538854296875 0.9413079619140625 0.226899337890625 0.8830995947265625 0.26944658203125 0.8835362294921875 0.2825598935546875
0 0.78565998046875 0.425442083984375 0.8574321416015624 0.3293964931640625 0.849319212890625 0.3166257099609375 0.7793921806640625 0.4190002548828125 0.78565998046875 0.425442083984375
0 0.83079753125 0.4593794296875 0.8416476171875 0.3389249599609375 0.83373657421875 0.34039821484375 0.8156796923828125 0.45893376171875 0.83079753125 0.4593794296875
0 0.6032177392578125 0.571011962890625 0.595147052734375 0.4458866826171875 0.5854096630859374 0.444321962890625 0.5895459560546875 0.5703638916015625 0.6032177392578125 0.571011962890625
0 0.74607662109375 0.6110330166015625 0.807660671875 0.518975138671875 0.8012238525390625 0.511093140625 0.7373674296875 0.5994435615234375 0.74607662109375 0.6110330166015625
0 0.7647157021484375 0.6790536953125 0.82587251171875 0.589617310546875 0.8217784873046875 0.576649962890625 0.7598704814453126 0.6753403984375 0.7647157021484375 0.6790536953125
0 0.6993381064453125 0.7826212392578125 0.7478795 0.6733591982421875 0.741104640625 0.6625968642578125 0.689520900390625 0.7741145224609375 0.6993381064453125 0.7826212392578125
0 0.9232511259765624 0.73993576953125 0.96054381640625 0.7123572734375 0.96133477734375 0.6987770087890625 0.91547154296875 0.736267236328125 0.9232511259765624 0.73993576953125
0 0.3479986220703125 0.90425713671875 0.46753283203125 0.886428212890625 0.4708991318359375 0.8775400419921875 0.3518578955078125 0.890176576171875 0.3479986220703125 0.90425713671875
0 0.1096391376953125 0.8739436181640625 0.2336570546875 0.8598785927734375 0.2304550771484375 0.8482502119140625 0.1118129130859375 0.8674181005859375 0.1096391376953125 0.8739436181640625
0 0.1271983740234375 0.9358941826171875 0.2395304814453125 0.909924421875 0.234178203125 0.9018906220703125 0.1253344658203125 0.926274251953125 0.1271983740234375 0.9358941826171875