0 0.7640404091796875 0.695535203125 0.7240893291015625 0.7560216884765625 0.7356422158203125 0.7545187763671874 0.769708380859375 0.702432642578125 0.7640404091796875 0.695535203125
0 0.70876471875 0.719673544921875 0.696131314453125 0.824176859375 0.703078068359375 0.8257901201171876 0.7171738369140624 0.72092876953125 0.70876471875 0.719673544921875
0 0.7275689990234375 0.79659549609375 0.7417755361328126 0.9296565224609376 0.7479546025390625 0.93178914453125 0.7347723486328125 0.8024542109375 0.7275689990234375 0.79659549609375
0 0.5997675947265625 0.886213037109375 0.6789731806640625 0.984138560546875 0.68405494921875 0.98322577734375 0.6077740908203125 0.88458418359375 0.5997675947265625 0.886213037109375
0 0.674508880859375 0.959381904296875 0.5638322490234375 0.9092616767578126 0.56050699609375 0.9203493955078125 0.6754977060546875 0.9700762041015625 0.674508880859375 0.959381904296875
0 0.4618483984375 0.804651017578125 0.4559634833984375 0.8130513681640625 0.5360806884765625 0.8958404287109375 0.4618483984375 0.804651017578125
0 0.466104146484375 0.8977283662109375 0.39388496875 0.8209593486328125 0.3886217158203125 0.8302017138671876 0.4577325849609375 0.9027606611328125 0.466104146484375 0.8977283662109375
0 0.4375368564453125 0.81226033203125 0.33439318359375 0.7715635869140625 0.3352714404296875 0.7766510546875 0.4350523046875 0.822148001953125 0.4375368564453125 0.81226033203125
0 0.5959686025390625 0.6760375458984375 0.4776901943359375 0.6436859765625 0.4771791015625 0.6484507939453125 0.5971034560546875 0.68537046875 0.5959686025390625 0.6760375458984375
0 0.7152087705078125 0.779074525390625 0.6957037216796875 0.8945396171875 0.703783232421875 0.8922300751953125 0.723693 0.792904787109375 0.7152087705078125 0.779074525390625
0 0.74137271484375 0.6944568984375 0.66942271484375 0.7014676884765625 0.6647811259765625 0.7115520693359375 0.7477353623046875 0.7015156640625 0.74137271484375 0.6944568984375
0 0.174855546875 0.6194025185546875 0.234612318359375 0.726066638671875 0.2386698017578125 0.7214277646484375 0.18480004296875 0.61961901953125 0.174855546875 0.6194025185546875
0 0.241231763671875 0.969686404296875 0.2322697998046875 0.940397025390625 0.2284313564453125 0.9429938369140625 0.2361499951171875 0.9705991865234375 0.241231763671875 0.969686404296875
0 0.2684701318359375 0.9746167431640625 0.2535857001953125 0.947440197265625 0.248357904296875 0.9497143564453125 0.2633153505859375 0.9762102138671875 0.2684701318359375 0.9746167431640625
0 0.1855117001953125 0.958141697265625 0.169237916015625 0.9306424990234375 0.1615234736328125 0.9295486005859375 0.1784919326171875 0.957209125 0.1855117001953125 0.958141697265625
0 0.322195560546875 0.6264115 0.257987072265625 0.5745250791015625 0.254770291015625 0.577963904296875 0.3182841025390625 0.629688998046875 0.322195560546875 0.6264115
0 0.1733764013671875 0.5137147490234375 0.16699697265625 0.400610177734375 0.161769177734375 0.4028843349609375 0.167088865234375 0.519231021484375 0.1733764013671875 0.5137147490234375
0 0.242076056640625 0.298051169921875 0.23065051953125 0.41120671875 0.2395352734375 0.4146653330078125 0.2466467314453125 0.3019032041015625 0.242076056640625 0.298051169921875