0 0.7506268984375 0.60249480078125 0.867305857421875 0.5945720810546875 0.8682039287109375 0.5873746640625 0.74842758203125 0.5950788408203125 0.7506268984375 0.60249480078125
0 0.7350758603515625 0.575621787109375 0.8341236015625 0.5286989931640625 0.82870776171875 0.52577559375 0.7325374736328125 0.5721753349609375 0.7350758603515625 0.575621787109375
0 0.763387669921875 0.550936009765625 0.69477767578125 0.621244189453125 0.70273190234375 0.62761404296875 0.7705217392578125 0.55198392578125 0.765706123046875 0.5536408662109376 0.763387669921875 0.550936009765625
0 0.6755380947265625 0.6458439990234375 0.6980218193359375 0.5401523232421875 0.69098854296875 0.5445571044921875 0.669961890625 0.6398234521484375 0.6755380947265625 0.6458439990234375
0 0.6509274912109375 0.5245777060546875 0.6586674658203125 0.61452141015625 0.663643443359375 0.6159616171875 0.6601521572265625 0.52749677734375 0.6509274912109375 0.5245777060546875
0 0.64532048046875 0.5004929990234375 0.6043765146484374 0.3828837509765625 0.594085490234375 0.38397284375 0.63530895703125 0.4999681357421875 0.64532048046875 0.5004929990234375
0 1 0.5403042470703125 0.9415699697265625 0.517765095703125 0.9376340810546875 0.5223884189453125 1 0.5472228974609376 1 0.5403042470703125
0 0.9501839912109376 0.5263597353515626 0.8700965322265625 0.4275894677734375 0.867539802734375 0.4343068154296875 0.9453088076171875 0.5303722275390625 0.9501839912109376 0.5263597353515626
0 0.86954206640625 0.45895323046875 0.7629894384765625 0.3118466494140625 0.7567763193359375 0.321573365234375 0.8624492216796875 0.4657135625 0.86954206640625 0.45895323046875
0 0.88395222265625 0.4743100126953125 0.7851246162109375 0.3992671943359375 0.7780317705078125 0.4060275263671875 0.877358810546875 0.4801979853515625 0.88395222265625 0.4743100126953125
0 0.955879740234375 0.2822547626953125 0.9172494892578125 0.261921728515625 0.9161314873046875 0.2683775498046875 0.957139759765625 0.289059888671875 0.955879740234375 0.2822547626953125
0 0.64340127734375 0.12334145703125 0.7441167490234375 0.1331704365234375 0.7376608193359375 0.124183505859375 0.6412019619140625 0.1159254970703125 0.64340127734375 0.12334145703125
0 0.494360015625 0.193420232421875 0.6096460078125 0.221703142578125 0.610942716796875 0.2081806669921875 0.491940767578125 0.1852626767578125 0.494360015625 0.193420232421875
0 0.3345787958984375 0.206833203125 0.441823576171875 0.1849939072265625 0.44100341796875 0.17967197265625 0.3361366611328125 0.2018605732421875 0.3345787958984375 0.206833203125
0 0.039502140625 0.2753210908203125 0.1543804228515625 0.2536573544921875 0.1481444248046875 0.24541201953125 0.03642309765625 0.2649387470703125 0.039502140625 0.2753210908203125
0 0.8765850244140625 0.142698525390625 0.918592162109375 0.161636146484375 0.916392845703125 0.1542201865234375 0.8774830947265625 0.1355011083984375 0.8765850244140625 0.142698525390625