0 0.78353066015625 0 0.715182169921875 0.01533999609375 0.7175492080078125 0.0260579951171875 0.8058213076171875 0 0.78353066015625 0
0 0.7665637412109375 0 0.7407342275390625 0.0090555068359375 0.739455111328125 0.012393078125 0.7849898017578125 0 0.7665637412109375 0
0 0.5886029296875 0.284526208984375 0.6146216240234375 0.162627076171875 0.606531328125 0.1592528330078125 0.5759534599609375 0.28383058984375 0.5886029296875 0.284526208984375
0 0.6203699716796875 0 0.554023583984375 0.0764794951171875 0.559626919921875 0.0815901201171875 0.6296868525390625 0 0.6203699716796875 0
0 0.535116978515625 0.2570181201171875 0.5915705888671875 0.34505018359375 0.59798427734375 0.338108708984375 0.5446279033203125 0.246459830078125 0.535116978515625 0.2570181201171875
0 0.5007908427734376 0.322388609375 0.592165716796875 0.37345434375 0.593704765625 0.36641402734375 0.5066446513671875 0.314027533203125 0.5007908427734376 0.322388609375
0 0.5426913251953125 0.1711474462890625 0.5304550869140625 0.1726861455078125 0.537852341796875 0.2946722861328125 0.554866970703125 0.2907471142578125 0.5426913251953125 0.1711474462890625
0 0.46061599609375 0.3372010068359375 0.4591243154296875 0.3469982099609375 0.5670859921875 0.3723552568359375 0.568161412109375 0.36638065234375 0.46061599609375 0.3372010068359375
0 0.4412960439453125 0.1259203681640625 0.558701177734375 0.0806930859375 0.55775478125 0.0723606923828125 0.4464448408203125 0.113925951171875 0.4412960439453125 0.1259203681640625
0 0.339988185546875 0.3444613916015625 0.34166479296875 0.3547771103515625 0.4651393671875 0.35737161328125 0.4623193173828125 0.3428382509765625 0.339988185546875 0.3444613916015625
0 0.3937605595703125 0.18917563671875 0.4008983984375 0.196331322265625 0.5059121103515625 0.1217944248046875 0.496385076171875 0.1158319755859375 0.3937605595703125 0.18917563671875
0 0.4787273984375 0.138429890625 0.4778802822265625 0.1265258916015625 0.3606973935546875 0.1659884052734375 0.3613756923828125 0.174300220703125 0.4787273984375 0.138429890625
0 0.345328130859375 0 0.3325086162109375 0.01426237109375 0.336421572265625 0.019797330078125 0.356306359375 0 0.345328130859375 0
0 0.1312035947265625 0.2081950185546875 0.0969540595703125 0.3094730927734375 0.1031861494140625 0.31073664453125 0.1402856123046875 0.20941559375 0.1312035947265625 0.2081950185546875
0 0.1238912138671875 0.564180775390625 0.1379754072265625 0.4472576669921875 0.127653509765625 0.4478757900390625 0.1121959326171875 0.56469348046875 0.1238912138671875 0.564180775390625
0 0.082563876953125 0.7293173310546875 0.100889548828125 0.61977183203125 0.088114322265625 0.61597041796875 0.07015780078125 0.7363573837890625 0.082563876953125 0.7293173310546875
0 0.046460765625 0.949153513671875 0.1057758740234375 0.9073564482421875 0.0970490380859375 0.900469697265625 0.0327610263671875 0.948101953125 0.046460765625 0.949153513671875