0 1 0.2933702001953125 0.9775065693359375 0.3414714833984375 0.9927133544921874 0.3474234228515625 1 0.3227027890625 1 0.2933702001953125
0 0.8403558427734374 0.4095355283203125 0.7084585439453125 0.4223365751953125 0.710186837890625 0.4285703603515625 0.83885486328125 0.425324955078125 0.8403558427734374 0.4095355283203125
0 1 0.4339769873046875 0.9329404677734375 0.4734614677734375 0.93521638671875 0.4834013671875 1 0.4480246357421875 1 0.4339769873046875
0 0.887567392578125 0.581553833984375 0.9359348447265625 0.4773383642578125 0.9293557548828125 0.468320736328125 0.8742704130859374 0.5714559912109375 0.887567392578125 0.581553833984375
0 0.6956695771484375 0.4532323076171875 0.81871805859375 0.4911640966796875 0.82380375 0.4805153984375 0.7018932275390625 0.447553560546875 0.6956695771484375 0.4532323076171875
0 0.7535130126953125 0.4725526005859375 0.6609817734375 0.4055738115234375 0.6492529296875 0.41086830078125 0.7392199697265625 0.4843925791015625 0.7535130126953125 0.4725526005859375
0 0.6768491455078125 0.47881652734375 0.630063287109375 0.387521537109375 0.6189674873046875 0.3916375830078125 0.6676204404296875 0.4812289482421875 0.6768491455078125 0.47881652734375
0 0.6314285615234375 0.41451469921875 0.6180461640625 0.4093014150390625 0.63034259765625 0.5116380126953125 0.64866120703125 0.5147505791015625 0.6314285615234375 0.41451469921875
0 0.6390908359375 0.5367012373046876 0.62519284375 0.52595012890625 0.61986019140625 0.655788046875 0.62829569921875 0.6637126201171875 0.6390908359375 0.5367012373046876
0 0.79989623828125 0.6218944296875 0.882304677734375 0.5322812880859376 0.8739332333984375 0.5206932958984375 0.79155682421875 0.6084747265625 0.79989623828125 0.6218944296875
0 0.81641491015625 0.657892380859375 0.8261805654296875 0.6597966435546875 0.8734634423828125 0.547558373046875 0.855831259765625 0.5402145126953125 0.81641491015625 0.657892380859375
0 0.753681384765625 0.91821311328125 0.8496599228515626 0.8931239296875 0.848650087890625 0.8808271396484375 0.75143749609375 0.90644150390625 0.753681384765625 0.91821311328125
0 0.607730423828125 0.8591206689453125 0.705359419921875 0.809694078125 0.7024824892578125 0.7991009140625 0.6031145224609376 0.8429042890625 0.607730423828125 0.8591206689453125
0 0.5646773662109374 0.86956454296875 0.4460419208984375 0.8594499619140625 0.45185984375 0.876972873046875 0.5663309208984375 0.8800723173828126 0.5646773662109374 0.86956454296875
0 0.2622014296875 0.83072388671875 0.137921990234375 0.828162458984375 0.1358627080078125 0.840856341796875 0.2594770732421875 0.846427923828125 0.2622014296875 0.83072388671875
0 1 0.71017178515625 0.9764920517578125 0.7307500146484375 0.978326521484375 0.736387794921875 1 0.7216923701171875 1 0.71017178515625
0 1 0.79057887890625 0.9665669599609376 0.805191544921875 0.9663681171875 0.8165624111328125 1 0.8004883583984375 1 0.79057887890625
0 1 0.8419653974609375 0.96428290234375 0.866157853515625 0.964914359375 0.8758941572265625 1 0.855968544921875 1 0.8419653974609375