0 0.139464193359375 0.8799874853515625 0.0641126279296875 0.7989071708984375 0.0604867265625 0.808823123046875 0.136460322265625 0.88773416015625 0.139464193359375 0.8799874853515625
0 0.15789878515625 0.9439645751953125 0.15759037890625 0.942311044921875 0.1497355234375 0.8359798984375 0.1454980302734375 0.837112458984375 0.1491153935546875 0.9445761669921875 0.15789878515625 0.9439645751953125
0 0 0.772742197265625 0.05737135546875 0.82514584765625 0.061614068359375 0.818536953125 0 0.7631554296875 0 0.772742197265625
0 0 0.499765212890625 0.0298183896484375 0.462751193359375 0.0257986767578125 0.4522079921875 0 0.4846977333984375 0 0.499765212890625
0 0 0.4901582802734375 0.011932759765625 0.47327351953125 0.009768701171875 0.467175154296875 0 0.4806648173828125 0 0.4901582802734375
0 0 0.4227740869140625 0.0171320029296875 0.43876719921875 0.0186844697265625 0.4360821728515625 0 0.4177575439453125 0 0.4227740869140625
0 0 0.439734134765625 0.02188524609375 0.43856507421875 0.021475779296875 0.4345349248046875 0 0.4347239765625 0 0.439734134765625
0 0.2978608466796875 0.4504007294921875 0.1847447744140625 0.421877955078125 0.1821555908203125 0.4281784443359375 0.2964094423828125 0.455462376953125 0.2978608466796875 0.4504007294921875
0 0.3253976748046875 0.5044670830078125 0.29284616796875 0.39966230859375 0.284993212890625 0.3997581513671875 0.3178531240234375 0.506216455078125 0.3253976748046875 0.5044670830078125
0 0.324550744140625 0.4173614697265625 0.2375129775390625 0.34701604296875 0.23492379296875 0.353316533203125 0.319382814453125 0.419009779296875 0.324550744140625 0.4173614697265625
0 0.069187552734375 0.3527452744140625 0.168515994140625 0.3201885498046875 0.16222072265625 0.3121230302734375 0.06547624609375 0.3438556005859375 0.069187552734375 0.3527452744140625
0 0.363955021484375 0.48735151953125 0.3692273330078125 0.376176505859375 0.3605502216796875 0.3736883837890625 0.35785665625 0.489515578125 0.363955021484375 0.48735151953125
0 0.3809258720703125 0.460915935546875 0.3974592587890625 0.3514048896484375 0.384332091796875 0.356248755859375 0.3700742626953125 0.4632821181640625 0.3809258720703125 0.460915935546875
0 0.3833651220703125 0.3950988515625 0.4316239599609375 0.2813816259765625 0.4269822177734375 0.273007701171875 0.38461962109375 0.3798076259765625 0.3833651220703125 0.3950988515625
0 0.256396890625 0.2647856103515625 0.38212248046875 0.1811070927734375 0.383781228515625 0.1753223505859375 0.253302396484375 0.259202994140625 0.256396890625 0.2647856103515625
0 0.079280955078125 0.170175779296875 0.1914229375 0.136597994140625 0.1869885380859375 0.1275009765625 0.0784620185546875 0.1621154794921875 0.079280955078125 0.170175779296875
0 0.1212464208984375 0.1548200234375 0.22345679296875 0.13404534375 0.2205696416015625 0.127739634765625 0.121262078125 0.1383910185546875 0.1212464208984375 0.1548200234375
0 0.2233315361328125 0.2654773876953125 0.3235154453125 0.2026466171875 0.3243500390625 0.194277912109375 0.220550666015625 0.2560719658203125 0.2233315361328125 0.2654773876953125
0 0.0686518056640625 0.1468455498046875 0.1157857431640625 0.1383857998046875 0.1132069970703125 0.133733619140625 0.0644305107421875 0.1400934189453125 0.0686518056640625 0.1468455498046875
0 0.134850904296875 0.0828139501953125 0.1282420078125 0.0785712373046875 0.0764564326171875 0.0981540478515625 0.079855521484375 0.107479107421875 0.134850904296875 0.0828139501953125