0 0.1288757568359375 0.0463609375 0.117675251953125 0.0377197734375 0.065794849609375 0.14230896875 0.0763347412109375 0.15209905859375 0.1288757568359375 0.0463609375
0 0.0370958330078125 0.2364800771484375 0.0882192958984375 0.151522732421875 0.081451951171875 0.147828890625 0.0392492255859375 0.2097194833984375 0.0370958330078125 0.2364800771484375
0 0.0360367978515625 0.24911042578125 0.035648251953125 0.265609298828125 0.0929291162109375 0.2425856025390625 0.0911822470703125 0.2359140888671875 0.087794158203125 0.2342546533203125 0.0360367978515625 0.24911042578125
0 0.4194982021484375 0.0550958837890625 0.3606393330078125 0.0252183583984375 0.33500562890625 0.0234258759765625 0.4109748388671875 0.0612887890625 0.4194982021484375 0.0550958837890625
0 0.3985168447265625 0.040520806640625 0.3721250146484375 0.026021515625 0.357264701171875 0.0249823818359375 0.3945815791015625 0.04592649609375 0.3985168447265625 0.040520806640625
0 0.4854222490234375 0.2148290966796875 0.4924078212890625 0.3386148818359375 0.4992723037109375 0.3381840068359375 0.4950308212890625 0.2110642080078125 0.4854222490234375 0.2148290966796875
0 0.5777584609375 0.158528150390625 0.5199947705078125 0.056525845703125 0.511162654296875 0.0596595654296875 0.510412689453125 0.0591658115234375 0.5681675498046875 0.1615430908203125 0.5777584609375 0.158528150390625
0 0.4672515029296875 0.404302953125 0.4703746748046875 0.4172116181640625 0.57643921484375 0.3924154970703125 0.5755306171875 0.3824879931640625 0.4672515029296875 0.404302953125
0 0.5748185126953125 0.2510280390625 0.56014562890625 0.24346218359375 0.52264484375 0.3482407568359375 0.5312826875 0.3533564736328125 0.5748185126953125 0.2510280390625
0 0.546080150390625 0.30712282421875 0.4557377470703125 0.3757792900390625 0.4623991259765625 0.38397282421875 0.5522561640625 0.3197566611328125 0.546080150390625 0.30712282421875
0 0.6105670341796875 0.4146938427734375 0.5020766220703125 0.4131416123046875 0.5014411376953125 0.423956478515625 0.5913675517578125 0.421473671875 0.6088463408203125 0.423080693359375 0.6105670341796875 0.4146938427734375
0 0.7113099072265625 0.45417438671875 0.7130306015625 0.4457875361328125 0.5956822158203126 0.416127373046875 0.5908821875 0.4259139736328125 0.7113099072265625 0.45417438671875
0 0.6950794033203125 0.2378631005859375 0.5944784541015625 0.1600163916015625 0.5870667939453125 0.1675123896484375 0.6834413837890625 0.246955654296875 0.6950794033203125 0.2378631005859375
0 0.7189360400390625 0.3082127001953125 0.6317114658203125 0.2121366396484375 0.622041080078125 0.2185263486328125 0.711630345703125 0.3112090068359375 0.7189360400390625 0.3082127001953125
0 0.7567966572265625 0.30134319140625 0.6503281298828125 0.2301051201171875 0.645554591796875 0.238766796875 0.7508584345703125 0.3109516220703125 0.7567966572265625 0.30134319140625
0 0.731037373046875 0.06923873828125 0.7881570673828125 0.1662475966796875 0.7996802890625 0.162029708984375 0.7488690673828124 0.072030072265625 0.731037373046875 0.06923873828125
0 0.9495158564453124 0.63937080859375 0.949403279296875 0.5309624609375 0.942177060546875 0.5305839970703125 0.9393162705078125 0.6358924033203125 0.9495158564453124 0.63937080859375
0 0.8647016611328125 0.909867119140625 0.873465353515625 0.7964501796875 0.864412791015625 0.792774970703125 0.85220802734375 0.9067823232421875 0.8647016611328125 0.909867119140625
0 0.423114947265625 0.0404691005859375 0.4198408388671875 0.0293581318359375 0.411226310546875 0.0287557451171875 0.4113046396484375 0.0386203408203125 0.423114947265625 0.0404691005859375
0 0.7876761015625 0.0788430166015625 0.8101592412109375 0.1257619658203125 0.814475830078125 0.1264376748046875 0.794062208984375 0.079104509765625 0.7876761015625 0.0788430166015625
0 0.833088833984375 0.0852136533203125 0.866068185546875 0.131307384765625 0.8723701171875 0.132293875 0.8412249521484375 0.086487263671875 0.833088833984375 0.0852136533203125
0 0.878634673828125 1 0.8743454541015625 0.9774412373046875 0.86406121484375 0.9758313642578125 0.867052162109375 1 0.878634673828125 1