0 0.272535162109375 0.347072986328125 0.2409653447265625 0.2278940634765625 0.2345485869140625 0.2273105126953125 0.2649859833984375 0.348747646484375 0.272535162109375 0.347072986328125
0 0.223166427734375 0.1175080810546875 0.33507575 0.144670677734375 0.3311065703125 0.1353219384765625 0.2227526435546875 0.1084065087890625 0.223166427734375 0.1175080810546875
0 0.2955964794921875 0.351150578125 0.29922745703125 0.237305568359375 0.2928959169921875 0.2374152763671875 0.2848450732421875 0.349715822265625 0.2955964794921875 0.351150578125
0 0.3022610283203125 0.1587479912109375 0.4001183115234375 0.2264486787109375 0.4044652607421875 0.2216646005859375 0.3073020126953125 0.1538746962890625 0.3022610283203125 0.1587479912109375
0 0.20455046484375 0.0635641474609375 0.2563580302734375 0.129438189453125 0.2620930517578125 0.12447567578125 0.209761884765625 0.060077369140625 0.20455046484375 0.0635641474609375
0 0.321133529296875 0.1746314609375 0.4359288134765625 0.190859875 0.4385468251953125 0.183481203125 0.3191612392578125 0.1643218076171875 0.321133529296875 0.1746314609375
0 0.289141931640625 0.4076131162109375 0.303938099609375 0.3043044365234375 0.298994630859375 0.3042357060546875 0.282980826171875 0.40910933984375 0.289141931640625 0.4076131162109375
0 0.2538304306640625 0.45299675 0.3119968017578125 0.387069802734375 0.30698041796875 0.3806725322265625 0.2474136728515625 0.4524132001953125 0.2538304306640625 0.45299675
0 0.2786452890625 0.448398373046875 0.365022892578125 0.41123865234375 0.35818005078125 0.4071888115234375 0.27405498828125 0.4454673916015625 0.2786452890625 0.448398373046875
0 0.4142748388671875 0.41617471484375 0.5331983251953125 0.4086334287109375 0.53459869921875 0.402819708984375 0.411084912109375 0.4074300146484375 0.4142748388671875 0.41617471484375
0 0.5063910185546875 0.2134915244140625 0.5983674482421875 0.273497642578125 0.6022883134765625 0.2652472744140625 0.5079741259765626 0.2034290380859375 0.5063910185546875 0.2134915244140625
0 0.580750376953125 0.1990031328125 0.671764818359375 0.262653978515625 0.6748212138671875 0.2531063125 0.5844032900390626 0.1943082744140625 0.580750376953125 0.1990031328125
0 0.6982225107421876 0.300097177734375 0.782004041015625 0.37946628125 0.78636329296875 0.3690469208984375 0.7029349306640625 0.28681556640625 0.6982225107421876 0.300097177734375
0 0.725805654296875 0.100076013671875 0.681581236328125 0.0436777099609375 0.6713388798828125 0.0430213505859375 0.7159916328125 0.106267095703125 0.725805654296875 0.100076013671875
0 0.8615536328125 0.76852878515625 0.849124267578125 0.661677822265625 0.8418430419921875 0.6597969736328125 0.853834021484375 0.7688169287109375 0.8615536328125 0.76852878515625
0 0.827809384765625 0.970046171875 0.8112281044921875 0.858095236328125 0.8036789267578125 0.8597698974609375 0.8211246767578125 0.9730181298828126 0.827809384765625 0.970046171875
0 0.903695087890625 0.979445642578125 0.8626587880859375 0.89796185546875 0.855097310546875 0.905271798828125 0.8912024423828125 0.9810515732421875 0.903695087890625 0.979445642578125
0 0.066864994140625 0.0794600126953125 0.1173198525390625 0.0896924248046875 0.1200179501953125 0.0827595517578125 0.0888953466796875 0.0771346259765625 0.066864994140625 0.0794600126953125