0 0.3214224423828125 0.351438591796875 0.2073649150390625 0.3028364189453125 0.206900677734375 0.3092501826171875 0.3189526337890625 0.3572283798828125 0.3214224423828125 0.351438591796875
0 0.2092117685546875 0.3770085810546875 0.3211749169921875 0.3863386435546875 0.3229762021484375 0.3803408623046875 0.207670435546875 0.3699708408203125 0.206942103515625 0.38213194921875 0.2092117685546875 0.3770085810546875
0 0.3867292958984375 0.3579118876953125 0.2797306162109375 0.38073130859375 0.2781975712890625 0.388269921875 0.3851281533203125 0.3632432470703125 0.3867292958984375 0.3579118876953125
0 0.411724609375 0.35257207421875 0.342315994140625 0.420606265625 0.348532845703125 0.421811775390625 0.4159400341796875 0.3604417822265625 0.411724609375 0.35257207421875
0 0.08607092578125 0.105516376953125 0.082969876953125 0.176691763671875 0.091592583984375 0.177188408203125 0.0907464453125 0.0996841455078125 0.08607092578125 0.105516376953125
0 0.1211323974609375 0.43210822265625 0.1090224326171875 0.31426763671875 0.0982311669921875 0.316649755859375 0.11185458984375 0.4342437724609375 0.1211323974609375 0.43210822265625
0 0.1110681650390625 0.3242308232421875 0.0442299716796875 0.2496280322265625 0.0403518759765625 0.2577481875 0.1029137890625 0.3346077353515625 0.1110681650390625 0.3242308232421875
0 0.18356022265625 0.5046214130859376 0.1898070322265625 0.4958033359375 0.140191734375 0.387817216796875 0.13275852734375 0.3933964208984375 0.18356022265625 0.5046214130859376
0 0.3449155478515625 0.6071956611328125 0.3697238388671875 0.4886446728515625 0.3595237314453125 0.4890583955078125 0.332212638671875 0.6039609501953125 0.3449155478515625 0.6071956611328125
0 0.14461662890625 0.531246958984375 0.1566613369140625 0.5342768896484374 0.153300986328125 0.411266662109375 0.1394157578125 0.411968744140625 0.14461662890625 0.531246958984375
0 0.1292388408203125 0.8005245615234375 0.1316034765625 0.792650974609375 0.0556297216796875 0.7388814208984374 0.0478694521484375 0.7479460673828126 0.1292388408203125 0.8005245615234375
0 0.2827604833984375 0.78300146875 0.2130883466796875 0.7010600185546875 0.208556126953125 0.71615105859375 0.2773059638671875 0.7963706826171875 0.2827604833984375 0.78300146875
0 0.4115327216796875 0.8718512109375 0.4170542861328125 0.86065517578125 0.3085137568359375 0.821863779296875 0.307666658203125 0.8366664619140625 0.4115327216796875 0.8718512109375
0 0.7128578671875 0.9566738779296875 0.7138950498046875 0.9405192587890625 0.60179649609375 0.9031079912109375 0.596689396484375 0.91799637109375 0.7128578671875 0.9566738779296875
0 0.3662743271484375 0.442017490234375 0.3730576669921875 0.4500951171875 0.4143657333984375 0.383078501953125 0.40876255859375 0.37720410546875 0.3662743271484375 0.442017490234375