0 0.80133225390625 0.7775400869140625 0.9096619140625 0.750309203125 0.912238849609375 0.737889908203125 0.80066083203125 0.7679249267578125 0.80133225390625 0.7775400869140625
0 0.772054109375 0.848403951171875 0.7743092666015625 0.860175650390625 0.8577600595703125 0.78092644921875 0.8603466630859375 0.783719900390625 0.854045275390625 0.7712963505859375 0.772054109375 0.848403951171875
0 0.7218928671875 0.9653398984375 0.792521533203125 0.8697645537109375 0.788918841796875 0.8596771650390626 0.70907557421875 0.9566201279296875 0.7218928671875 0.9653398984375
0 0.4256030205078125 0.93898590625 0.4939923837890625 0.9809192861328125 0.5067795869140626 0.9804727470703125 0.4355097177734375 0.9334638671875 0.4256030205078125 0.93898590625
0 0.443613056640625 0.951881908203125 0.4904912724609375 0.981041546875 0.501611765625 0.9806532109375 0.4448460810546875 0.9468517021484375 0.443613056640625 0.951881908203125
0 0.4144331943359375 0.66102052734375 0.38799249609375 0.7898588115234375 0.3975457958984375 0.790922505859375 0.423540537109375 0.667716572265625 0.4144331943359375 0.66102052734375
0 0.3585911611328125 0.681020666015625 0.360284642578125 0.6931772275390625 0.4729690908203125 0.63575017578125 0.4747662060546875 0.63413829296875 0.4694809091796875 0.629008681640625 0.3585911611328125 0.681020666015625
0 0.3931871591796875 0.6523689296875 0.3754220556640625 0.639049267578125 0.312891892578125 0.7454362783203125 0.31930295703125 0.753599349609375 0.3931871591796875 0.6523689296875
0 0.3361855234375 0.6160909970703125 0.450585205078125 0.605049185546875 0.4539492099609375 0.5932320380859375 0.3402220859375 0.6015301015625 0.3361855234375 0.6160909970703125
0 0.4242804755859375 0.5941565810546875 0.424275642578125 0.586550208984375 0.3142475927734375 0.57975765625 0.31402944921875 0.5901802060546875 0.4242804755859375 0.5941565810546875
0 0.2299480986328125 0.561423455078125 0.34583762109375 0.5957798740234375 0.350211671875 0.581748697265625 0.2337641005859375 0.553481921875 0.2299480986328125 0.561423455078125
0 0.28102117578125 0.8182592265625 0.3163791611328125 0.92758164453125 0.3350265087890625 0.914423857421875 0.289787404296875 0.8187207724609376 0.28102117578125 0.8182592265625
0 0.1596798818359375 0.6936587890625 0.2334619521484375 0.78540387109375 0.2442482763671875 0.781437359375 0.1728274111328125 0.69149871875 0.1596798818359375 0.6936587890625
0 0.0939074755859375 0.8266184033203124 0.1371337353515625 0.93815910546875 0.1449971767578125 0.932771015625 0.1067199345703125 0.827731798828125 0.0939074755859375 0.8266184033203124
0 0.101750373046875 0.788903228515625 0.08680693359375 0.7945767744140625 0.12340277734375 0.906475359375 0.1277828720703125 0.9019521494140625 0.101750373046875 0.788903228515625
0 0.1306462431640625 0.632890193359375 0.2055552890625 0.7295703271484375 0.21521584765625 0.7225703564453125 0.1382891240234375 0.6341214658203125 0.1306462431640625 0.632890193359375
0 0.0914048173828125 0.8840036875 0.1017762919921875 0.9362657939453125 0.1135088984375 0.937771673828125 0.0991870341796875 0.885257408203125 0.0914048173828125 0.8840036875
0 0.069518025390625 0.9296300126953125 0.043778443359375 0.86634317578125 0.0381616494140625 0.87125241796875 0.06172633984375 0.9282661162109375 0.069518025390625 0.9296300126953125
0 0.397845986328125 0.983284419921875 0.4168044853515625 0.95158117578125 0.4087411416015625 0.94765866015625 0.382898544921875 0.981554779296875 0.397845986328125 0.983284419921875
0 0.4044634169921875 0.944979361328125 0.409086568359375 0.9838842626953125 0.4220051904296875 0.9834331337890625 0.414917404296875 0.946663505859375 0.4044634169921875 0.944979361328125