0 0.1765324521484375 0.3898737978515625 0.2974759619140625 0.4033954326171875 0.2974759619140625 0.3958834130859375 0.179537259765625 0.38311298046875 0.1765324521484375 0.3898737978515625
0 0.19756610546875 0.4559795673828125 0.306490384765625 0.428185095703125 0.30498798046875 0.4244290869140625 0.19305889453125 0.4522235576171875 0.19756610546875 0.4559795673828125
0 0.2681790869140625 0.4402043271484375 0.269681490234375 0.443209134765625 0.3583233173828125 0.3876201923828125 0.3523137021484375 0.3801081728515625 0.2629206728515625 0.440955529296875 0.2681790869140625 0.4402043271484375
0 0.33954326953125 0.4619891826171875 0.38837139453125 0.3740985576171875 0.384615384765625 0.367337740234375 0.3312800478515625 0.464993990234375 0.33954326953125 0.4619891826171875
0 0.3876201923828125 0.39813701953125 0.365084134765625 0.4837740380859375 0.373366568359375 0.4881913359375 0.392127404296875 0.400390625 0.3876201923828125 0.39813701953125
0 0.38837139453125 0.633263220703125 0.3816105771484375 0.5145733173828125 0.3718449521484375 0.5123197119140624 0.3778545673828125 0.63251201953125 0.38837139453125 0.633263220703125
0 0.029296875 0.3034855771484375 0.0045072119140625 0.2216045673828125 0.0007512021484375 0.2351262021484375 0.02178485546875 0.302734375 0.029296875 0.3034855771484375
0 0.0886418271484375 0.4402043271484375 0.001502404296875 0.384615384765625 0 0.392127404296875 0.0833834130859375 0.4439603369140625 0.0886418271484375 0.4402043271484375
0 0.1322115380859375 0.537109375 0.0833834130859375 0.431189904296875 0.0773737978515625 0.4341947119140625 0.1277043271484375 0.543118990234375 0.1322115380859375 0.537109375
0 0.208834134765625 0.6648137021484375 0.146484375 0.5078125 0.1374699521484375 0.5130709130859376 0.1998197119140625 0.6730769228515625 0.208834134765625 0.6648137021484375
0 0.21259014453125 0.579927884765625 0.1359675478515625 0.4912860576171875 0.1277043271484375 0.49579326953125 0.203575720703125 0.5851862978515625 0.21259014453125 0.579927884765625
0 0.035306490234375 0.6881009619140624 0.0007512021484375 0.6610576923828125 0 0.667818509765625 0.0323016826171875 0.6941105771484375 0.035306490234375 0.6881009619140624
0 0.169771634765625 0.857872595703125 0.2629206728515625 0.882662259765625 0.2629206728515625 0.875150240234375 0.166015625 0.848106970703125 0.169771634765625 0.857872595703125
0 0.32001201953125 0.799278845703125 0.431189904296875 0.84209735546875 0.431189904296875 0.833834134765625 0.3252704326171875 0.7865084130859376 0.32001201953125 0.799278845703125
0 0.480018029296875 0.8563701923828125 0.5904447119140624 0.853365384765625 0.59344951953125 0.8488581728515625 0.48076923046875 0.851111779296875 0.480018029296875 0.8563701923828125
0 0.789513220703125 0.8443509619140624 0.90594951953125 0.8451021630859376 0.90594951953125 0.8345853369140624 0.7857572119140624 0.8353365380859376 0.789513220703125 0.8443509619140624
0 0.001502404296875 0.7977764423828125 0.0345552880859375 0.82256610546875 0.037560095703125 0.8158052880859376 0.001502404296875 0.7902644228515625 0.001502404296875 0.7977764423828125