0 0.0008159912109375 0.3117088212890625 0.0008159912109375 0.3268046669921875 0.06854330078125 0.365156275390625 0.0697672880859375 0.3610763173828125 0.0008159912109375 0.3117088212890625
0 0.0644633427734375 0.334148591796875 0.0461035302734375 0.334964583984375 0.096695013671875 0.44471546484375 0.1081188974609375 0.4434914765625 0.0644633427734375 0.334148591796875
0 0.16850228125 0.328436650390625 0.29987694140625 0.34965243359375 0.2990609501953125 0.334556587890625 0.1648303193359375 0.321908716796875 0.16850228125 0.328436650390625
0 0.1835981279296875 0.3794361298828125 0.190534056640625 0.390860013671875 0.3055888837890625 0.36882823828125 0.30069293359375 0.3574043544921875 0.1835981279296875 0.3794361298828125
0 0.359444333984375 0.3398605341796875 0.2521414287109375 0.378212142578125 0.2604952236328125 0.3873615380859375 0.3614843134765625 0.347204458984375 0.359444333984375 0.3398605341796875
0 0.3361885712890625 0.3888200341796875 0.396571955078125 0.3170127666015625 0.38627751953125 0.3124374619140625 0.3263966708984375 0.38718805078125 0.3361885712890625 0.3888200341796875
0 0.3945319765625 0.3353725791015625 0.38800404296875 0.33210861328125 0.3614843134765625 0.4271716435546875 0.3684202421875 0.4263556513671875 0.3945319765625 0.3353725791015625
0 0.1064869140625 0.410035818359375 0.1876780859375 0.4993869072265625 0.1958380029296875 0.49449095703125 0.1138308388671875 0.403099888671875 0.1064869140625 0.410035818359375
0 0.1228067470703125 0.4239076767578125 0.152590443359375 0.5385545078125 0.166054306640625 0.5365145283203125 0.1321906513671875 0.421867697265625 0.1228067470703125 0.4239076767578125
0 0.3700522255859375 0.4696032109375 0.377804146484375 0.59485793359375 0.390860013671875 0.59404194140625 0.3802521220703125 0.4675632314453125 0.3700522255859375 0.4696032109375
0 0.1950220107421875 0.6168897080078125 0.2700932451171875 0.7013448466796876 0.272541220703125 0.6948169140625 0.203181927734375 0.6079137998046875 0.1950220107421875 0.6168897080078125
0 0.21256583203125 0.69359292578125 0.203589923828125 0.7025688349609375 0.2868210751953125 0.7800880439453125 0.2933490078125 0.7698881484375 0.21256583203125 0.69359292578125
0 0.1354546181640625 0.815991677734375 0.059567392578125 0.779272052734375 0.053447455078125 0.784575998046875 0.1309666640625 0.8270075654296875 0.1354546181640625 0.815991677734375
0 0.3680122470703125 0.8294555400390625 0.490818994140625 0.8514873154296875 0.49326696875 0.841695416015625 0.3733161923828125 0.81843965234375 0.3680122470703125 0.8294555400390625
0 0.8959588623046875 0.8523033076171875 0.778456060546875 0.8555672744140626 0.7772320732421875 0.866583162109375 0.894734875 0.8620952080078125 0.8959588623046875 0.8523033076171875
0 0 0.7954679306640625 0.03334642578125 0.8254551611328125 0.0386725908203125 0.8175426396484375 0 0.7856721396484375 0 0.7954679306640625
0 0 0.7431799990234375 0.0320602216796875 0.7544154453125 0.0320602216796875 0.7474878037109375 0 0.732103583984375 0 0.7431799990234375
0 0.9310830712890625 0.7945540634765625 0.9990234375 0.8298972060546875 0.9990234375 0.81392394140625 0.9392183330078125 0.7791053720703125 0.9310830712890625 0.7945540634765625
0 0 0.190736248046875 0.0116613076171875 0.23247683203125 0.02454451953125 0.2296753935546875 0.0015071572265625 0.173714740234375 0 0.190736248046875