0 0.302319849609375 0 0.268873919921875 0.077343712890625 0.2730546611328125 0.08753426953125 0.315384666015625 0.0002612958984375 0.302319849609375 0
0 0.185259095703125 0.0888407509765625 0.280109662109375 0.0347524111328125 0.2701804013671875 0.0256070400390625 0.1826461318359375 0.082047046875 0.185259095703125 0.0888407509765625
0 0.185259095703125 0.0747307490234375 0.179510576171875 0.0666305634765625 0.06898223046875 0.1160155693359375 0.0702887119140625 0.129080384765625 0.185259095703125 0.0747307490234375
0 0.01291491796875 0.3149980068359375 0.0069299560546875 0.3203529736328125 0.0425247314453125 0.4123323916015625 0.0494546875 0.4091824111328125 0.01291491796875 0.3149980068359375
0 0.000314998046875 0.294208138671875 0.000314998046875 0.3178329892578125 0.032444794921875 0.3928025146484375 0.0371697646484375 0.389337537109375 0.000314998046875 0.294208138671875
0 0.3502777841796875 0.449187158203125 0.275623255859375 0.541166576171875 0.281923216796875 0.5455765478515625 0.358467732421875 0.452337138671875 0.3502777841796875 0.449187158203125
0 0.31310801953125 0.4866719208984375 0.186793818359375 0.480056962890625 0.1864788203125 0.4895069033203125 0.309013044921875 0.49832684765625 0.31310801953125 0.4866719208984375
0 0.2091586767578125 0.5622714423828125 0.2135686484375 0.5717213828125 0.3301179111328125 0.528251658203125 0.32161296484375 0.523211689453125 0.2091586767578125 0.5622714423828125
0 0.034334783203125 0.5200617099609375 0.126314201171875 0.5799113310546875 0.1351341455078125 0.57361137109375 0.044099720703125 0.509666775390625 0.034334783203125 0.5200617099609375
0 0.387762546875 0.4690320322265625 0.3776826103515625 0.4709220205078125 0.3446078193359375 0.5783363408203125 0.35563275 0.5799113310546875 0.3802025947265625 0.5008468310546875 0.387762546875 0.4690320322265625
0 0.39028253125 0.5021068232421875 0.3820925830078125 0.5011618291015625 0.368232669921875 0.6123561259765625 0.3783126064453125 0.6110961337890625 0.39028253125 0.5021068232421875
0 0.3716976484375 0.58841627734375 0.3814625869140625 0.7059105341796875 0.3928025146484375 0.7040205458984375 0.3839825703125 0.58715628515625 0.3716976484375 0.58841627734375
0 0.1502540498046875 0.615191107421875 0.1452140810546875 0.6161361015625 0.21293865234375 0.714100482421875 0.214828640625 0.713470486328125 0.2186086171875 0.710320505859375 0.1502540498046875 0.615191107421875
0 0.1839588359375 0.6432259306640625 0.2671183095703125 0.7339453564453124 0.2740482666015625 0.727015400390625 0.1905737939453125 0.63283099609375 0.1839588359375 0.6432259306640625
0 0.1987637421875 0.666535783203125 0.263338333984375 0.770485125 0.2737332685546875 0.7663901513671875 0.2069536904296875 0.6618108125 0.1987637421875 0.666535783203125
0 0.0214198642578125 0.727015400390625 0.1165492626953125 0.786865021484375 0.120014240234375 0.7818250537109375 0.0264598330078125 0.7191404501953125 0.0214198642578125 0.727015400390625
0 0.000944994140625 0.7033905498046875 0.0012599921875 0.712840490234375 0.07465452734375 0.770800123046875 0.0847344638671875 0.7657601552734375 0.000944994140625 0.7033905498046875
0 0.0494546875 0.8284447587890625 0.001574990234375 0.792534986328125 0 0.7978899521484375 0.04378472265625 0.832224734375 0.0494546875 0.8284447587890625
0 0.630626009765625 0.9204241767578125 0.7377253330078125 0.916329203125 0.7352053486328125 0.9087692509765625 0.6290510205078125 0.91380921875 0.630626009765625 0.9204241767578125
0 0.0007428173828125 0.4345481181640625 0.001262208984375 0.4460791953125 0.0327594033203125 0.4269371416015625 0.0280442548828125 0.417582287109375 0.0007428173828125 0.4345481181640625
0 0.0337111376953125 0.4206086865234375 0.001485634765625 0.4040926083984375 0 0.4185920537109375 0.030435197265625 0.4264467666015625 0.0337111376953125 0.4206086865234375