0 0.169422876953125 0.3594749638671875 0.2975873330078125 0.3796652548828125 0.296709494140625 0.3660587548828125 0.1711785546875 0.349379818359375 0.169422876953125 0.3594749638671875
0 0.0697881796875 0.383615529296875 0.064082228515625 0.3862490458984375 0.1066574072265625 0.49905132421875 0.1202639072265625 0.48676158203125 0.0697881796875 0.383615529296875
0 0.1237752626953125 0.4455031611328125 0.1123633583984375 0.455598306640625 0.197074796875 0.549965970703125 0.206292103515625 0.5367983896484375 0.1237752626953125 0.4455031611328125
0 0.19444128125 0.42443503125 0.3068046396484375 0.400733384765625 0.3116327529296875 0.3893214814453125 0.1887353291015625 0.4147788046875 0.19444128125 0.42443503125
0 0.3643030771484375 0.359036044921875 0.3616695615234375 0.3612306416015625 0.2572067509765625 0.4108285302734375 0.263790541015625 0.4174123212890625 0.365180916015625 0.3629863193359375 0.3643030771484375 0.359036044921875
0 0.387126884765625 0.33884575390625 0.3318230439453125 0.4222404345703125 0.3397235927734375 0.4279463857421875 0.393271755859375 0.344990625 0.387126884765625 0.33884575390625
0 0.38537120703125 0.3678144326171875 0.36210848046875 0.4560372255859375 0.3770317392578125 0.45252587109375 0.3941495947265625 0.3678144326171875 0.38537120703125 0.3678144326171875
0 0 0.348063060546875 0.001755677734375 0.3629863193359375 0.0754941318359375 0.40995069140625 0.0781276474609375 0.398099869140625 0 0.348063060546875
0 0.1408931181640625 0.464376693359375 0.1294812138671875 0.4700826455078125 0.1654726025390625 0.587713037109375 0.179079103515625 0.5789346494140625 0.1408931181640625 0.464376693359375
0 0.370009029296875 0.4920286142578125 0.377470658203125 0.617120634765625 0.3928328359375 0.6118536015625 0.382298771484375 0.49071185546875 0.370009029296875 0.4920286142578125
0 0.250184041015625 0.6904201689453126 0.2383332177734375 0.700954234375 0.3133884306640625 0.777326205078125 0.323483576171875 0.7650364619140625 0.250184041015625 0.6904201689453126
0 0.1062184873046875 0.8133175927734375 0.1049017294921875 0.82341273828125 0.1983915556640625 0.8585262880859375 0.197513716796875 0.8449197880859375 0.1062184873046875 0.8133175927734375
0 0.2910035419921875 0.800588931640625 0.398099869140625 0.848431142578125 0.4038058203125 0.8308743681640625 0.2962705751953125 0.7900548662109375 0.2910035419921875 0.800588931640625
0 0.7097326220703125 0.8396527548828125 0.584201681640625 0.83570248046875 0.5872741171875 0.8449197880859375 0.7097326220703125 0.84667546484375 0.7097326220703125 0.8396527548828125
0 0 0.2139778828125 0.0147678583984375 0.2678850791015625 0.024611376953125 0.2656924716796875 0.002362857421875 0.20002773828125 0 0.2139778828125
0 0.01990887890625 0.656652494140625 0.000887361328125 0.644020494140625 0 0.65066796484375 0.0180464521484375 0.66723376171875 0.01990887890625 0.656652494140625
0 0.034204681640625 0.752642283203125 0.0011994853515625 0.7398632490234375 0 0.7470059912109375 0.033335376953125 0.7615907021484375 0.034204681640625 0.752642283203125
0 0.0375142294921875 0.816805724609375 0.0020043017578125 0.78559330859375 0.0010601904296875 0.7983413876953125 0.0359897216796875 0.8243353984375 0.0375142294921875 0.816805724609375