0 0.0243001728515625 0.613605431640625 0.1175310302734375 0.6699903046875 0.12419296484375 0.654743365234375 0.020736029296875 0.6003446806640625 0.0243001728515625 0.613605431640625
0 0.11118859375 0.74672408984375 0.1165363193359375 0.7553717978515625 0.125149904296875 0.753093400390625 0.080248380859375 0.6533616171875 0.06542101953125 0.6528685673828125 0.11118859375 0.74672408984375
0 0.1004628740234375 0.759589193359375 0.1315711572265625 0.87053325 0.1441046904296875 0.867868259765625 0.106494955078125 0.748615896484375 0.09712130078125 0.7485626669921875 0.1004628740234375 0.759589193359375
0 0.2975637177734375 0.95621904296875 0.3035757607421875 0.96624024609375 0.4006354462890625 0.9411550986328125 0.3941960283203125 0.93403369140625 0.2975637177734375 0.95621904296875
0 0.421861130859375 0.934333056640625 0.4155285556640625 0.9264867001953125 0.3191749990234375 0.9484744619140625 0.3231474130859375 0.9553969140625 0.421861130859375 0.934333056640625
0 0.5163280107421875 0.8140558681640625 0.5366631044921875 0.6894049921875 0.520672208984375 0.687971109375 0.5055515654296875 0.8072233212890625 0.5163280107421875 0.8140558681640625
0 0.48292096875 0.654291708984375 0.578962009765625 0.732203974609375 0.58009487890625 0.7211859755859376 0.48508029296875 0.64297175 0.48292096875 0.654291708984375
0 0.530034220703125 0.631111341796875 0.6359707158203125 0.675195060546875 0.637606033203125 0.657436544921875 0.5298604462890625 0.62229640625 0.530034220703125 0.631111341796875
0 0.5553696328125 0.6191115478515625 0.5561495830078125 0.630476177734375 0.6661124189453125 0.6572346689453125 0.670196685546875 0.6428477548828125 0.5553696328125 0.6191115478515625
0 0.7409588583984374 0.6590867119140625 0.7377178388671874 0.647764068359375 0.6176978955078125 0.6426055986328125 0.61978448828125 0.651767166015625 0.7409588583984374 0.6590867119140625
0 0.6110057890625 0.7946152177734375 0.574827875 0.68363382421875 0.56497147265625 0.687215357421875 0.6014874990234375 0.7992339599609375 0.6110057890625 0.7946152177734375
0 0.539451619140625 0.94365430078125 0.6195111279296875 0.8634962646484375 0.612910552734375 0.8549806025390625 0.531882513671875 0.93837891015625 0.539451619140625 0.94365430078125
0 0.7327266123046875 0.9666712509765625 0.795697265625 0.880158505859375 0.792562310546875 0.872222337890625 0.7910906279296875 0.8740947626953125 0.728505775390625 0.964480294921875 0.7327266123046875 0.9666712509765625
0 0.7034366630859376 0.991786453125 0.7158380341796875 0.9968859228515625 0.787285787109375 0.9047789697265625 0.78077573828125 0.9002717373046875 0.7034366630859376 0.991786453125
0 0.8173603828125 0.7055868427734375 0.81038448828125 0.7009951923828125 0.714116279296875 0.787891265625 0.708729517578125 0.795233888671875 0.715103091796875 0.8006671083984375 0.8173603828125 0.7055868427734375
0 0.7200496044921875 0.8141605068359375 0.8072042763671875 0.73393170703125 0.8003248310546875 0.730308251953125 0.716709939453125 0.8076133203125 0.7200496044921875 0.8141605068359375
0 0.835569744140625 0.69724035546875 0.8306737548828125 0.6882720234375 0.745165953125 0.773552853515625 0.7504031240234375 0.780206216796875 0.836035591796875 0.6973247744140625 0.835569744140625 0.69724035546875
0 0.433026791015625 0.9476749365234375 0.4479539228515625 0.99546871875 0.4555842802734375 0.9965357392578125 0.441729310546875 0.94078948046875 0.433026791015625 0.9476749365234375
0 0.417368140625 0.9901262841796875 0.442065537109375 0.950496013671875 0.435057974609375 0.9420590654296875 0.4085140126953125 0.98873008984375 0.417368140625 0.9901262841796875
0 0.5319332763671875 1 0.53959562890625 0.9911602236328125 0.5348885283203125 0.9891680458984375 0.5249509453125 1 0.5319332763671875 1
0 0.730747021484375 1 0.731336638671875 0.999239998046875 0.724367375 0.9915097724609375 0.7184803017578125 1 0.730747021484375 1