0 0.5752336845703125 0.2252201337890625 0.590674005859375 0.3379270439453125 0.59968266796875 0.3319066650390625 0.58054505078125 0.2253626298828125 0.5752336845703125 0.2252201337890625
0 0.6449481435546875 0.2136110986328125 0.6200616015625 0.32629746875 0.6297796494140625 0.3279379658203125 0.6495523798828124 0.2204212373046875 0.6449481435546875 0.2136110986328125
0 0.6469866611328124 0.4168115068359375 0.5573534033203125 0.357942041015625 0.555387005859375 0.36452374609375 0.6408110283203124 0.424818353515625 0.6469866611328124 0.4168115068359375
0 0.58063490625 0.2962643818359375 0.6365569697265625 0.3931816123046875 0.6397828486328125 0.3914638330078125 0.585591578125 0.292576439453125 0.58063490625 0.2962643818359375
0 0.7721626171875 0.075968337890625 0.8144941396484375 0.0642614814453125 0.804185689453125 0.0610130927734375 0.76665369921875 0.070513705078125 0.7721626171875 0.075968337890625
0 0.747888833984375 0.082428271484375 0.836251431640625 0.067180203125 0.824369328125 0.064420279296875 0.7447011123046875 0.0766113662109375 0.747888833984375 0.082428271484375
0 0.5986655576171875 0.1190752158203125 0.66203595703125 0.0453121220703125 0.654874814453125 0.0410868037109375 0.5957921142578125 0.1102949130859375 0.5986655576171875 0.1190752158203125
0 0.4955519267578125 0.15144009765625 0.6070456611328126 0.1189816298828125 0.5904021796875 0.1108932666015625 0.489216896484375 0.146600123046875 0.4955519267578125 0.15144009765625
0 0.3811106953125 0.2045161533203125 0.519475533203125 0.1698067666015625 0.5170353525390625 0.1641160537109375 0.374578111328125 0.194364041015625 0.3811106953125 0.2045161533203125
0 0.4447707607421875 0.221295470703125 0.5449682783203125 0.1590279296875 0.540442611328125 0.15147694140625 0.4423305810546875 0.2156047578125 0.4447707607421875 0.221295470703125
0 0.3638901396484375 0.0296714912109375 0.3835629970703125 0.01116054296875 0.3749687470703125 0.0109104765625 0.3602309990234375 0.0282996806640625 0.3638901396484375 0.0296714912109375
0 0.17439621484375 0.173391373046875 0.143722373046875 0.261723302734375 0.1517881982421875 0.264593115234375 0.1831310107421875 0.1771282255859375 0.17439621484375 0.173391373046875
0 0.180385796875 0.4828345224609375 0.193352078125 0.374922912109375 0.18523925390625 0.3724466650390625 0.1716914140625 0.48589150390625 0.180385796875 0.4828345224609375
0 0.503970404296875 0.3949313583984375 0.5089652314453125 0.3837087314453125 0.38751096875 0.3737636884765625 0.3838136708984375 0.3799265634765625 0.5042061123046875 0.392708810546875 0.503970404296875 0.3949313583984375
0 0.511207857421875 0.3840873076171875 0.612247287109375 0.421504751953125 0.6161017236328125 0.413860177734375 0.51585025 0.38336276171875 0.511207857421875 0.3840873076171875
0 0.1518310849609375 0.5368350009765624 0.145711666015625 0.6519353251953125 0.1534227978515625 0.65097469921875 0.159975478515625 0.5389639638671875 0.1518310849609375 0.5368350009765624
0 0.1384249853515625 0.849790990234375 0.1136529111328125 0.9398733056640625 0.1221115859375 0.9390388720703124 0.14715978125 0.8535278447265625 0.1384249853515625 0.849790990234375