0 0.327845982421875 0.283203125 0.3976004462890625 0.2504185263671875 0.3920200888671875 0.244140625 0.33203125 0.2720424111328125 0.327845982421875 0.283203125
0 0.253208705078125 0.303431919921875 0.360630580078125 0.302036830078125 0.361328125 0.293666294921875 0.253208705078125 0.2964564736328125 0.253208705078125 0.303431919921875
0 0.1583426337890625 0.2476283486328125 0.2880859375 0.2755301337890625 0.283900669921875 0.267857142578125 0.1576450888671875 0.2413504462890625 0.1583426337890625 0.2476283486328125
0 0.0851004462890625 0.3187779013671875 0.0439453125 0.2113560263671875 0.0327845986328125 0.2134486611328125 0.078125 0.3236607138671875 0.0851004462890625 0.3187779013671875
0 0.064174107421875 0.2559988837890625 0.0020926337890625 0.2197265625 0.000697544921875 0.2273995537109375 0.0634765625 0.2622767861328125 0.064174107421875 0.2559988837890625
0 0.0892857138671875 0.303431919921875 0.1688058037109375 0.391322544921875 0.1722935263671875 0.3836495537109375 0.0913783486328125 0.298549107421875 0.0892857138671875 0.303431919921875
0 0.137416294921875 0.424107142578125 0.113002232421875 0.3104073662109375 0.1025390625 0.308314732421875 0.1255580361328125 0.4261997763671875 0.137416294921875 0.424107142578125
0 0.1443917412109375 0.4527064736328125 0.2085658486328125 0.5398995537109375 0.2183314736328125 0.5350167412109375 0.1443917412109375 0.4527064736328125
0 0.186244419921875 0.599888392578125 0.126255580078125 0.5210658486328125 0.1192801337890625 0.5287388388671875 0.17578125 0.6040736611328125 0.186244419921875 0.599888392578125
0 0.2218191962890625 0.663364955078125 0.205078125 0.5580357138671875 0.194614955078125 0.5594308037109375 0.2169363837890625 0.6619698662109375 0.2218191962890625 0.663364955078125
0 0.3829520087890625 0.536411830078125 0.3780691962890625 0.4171316962890625 0.3690011162109375 0.4150390625 0.3780691962890625 0.536411830078125 0.3829520087890625 0.536411830078125
0 0.1827566962890625 0.2964564736328125 0.302734375 0.2894810263671875 0.2908761162109375 0.2797154013671875 0.1869419638671875 0.288783482421875 0.1827566962890625 0.2964564736328125
0 0.3696986611328125 0.342494419921875 0.3934151787109375 0.272739955078125 0.3878348212890625 0.2657645087890625 0.3585379462890625 0.345982142578125 0.3696986611328125 0.342494419921875
0 0.244140625 0.765904017578125 0.3369140625 0.835658482421875 0.3390066962890625 0.825892857421875 0.249720982421875 0.762416294921875 0.244140625 0.765904017578125
0 0.029296875 0.7456752236328125 0.0020926337890625 0.7338169638671875 0 0.7386997763671875 0.0258091513671875 0.7491629462890625 0.029296875 0.7456752236328125
0 0.0272042412109375 0.7240513388671875 0.0034877236328125 0.7066127236328125 0.000697544921875 0.7114955361328125 0.023716517578125 0.7289341513671875 0.0272042412109375 0.7240513388671875
0 0.0244140625 0.8084542412109375 0.000697544921875 0.7896205361328125 0 0.796595982421875 0.023716517578125 0.816127232421875 0.0244140625 0.8084542412109375
0 0.401088169921875 0.7589285712890625 0.3641183037109375 0.6905691962890625 0.3599330361328125 0.694056919921875 0.3969029013671875 0.76171875 0.401088169921875 0.7589285712890625
0 0.5538504462890625 0.8663504462890625 0.4422433037109375 0.8482142861328125 0.435267857421875 0.853794642578125 0.5503627236328125 0.8712332587890625 0.5538504462890625 0.8663504462890625
0 0.5580357138671875 0.8028738837890625 0.673828125 0.8035714287109375 0.6710379462890625 0.7986886162109375 0.556640625 0.7938058037109375 0.5580357138671875 0.8028738837890625