0 0 0.22387781640625 0.0195740166015625 0.2960570029296875 0.0348662177734375 0.2911634990234375 0 0.2110323681640625 0 0.22387781640625
0 0.3021738837890625 0.390868646484375 0.1706609580078125 0.3688478779296875 0.1718843349609375 0.3847517666015625 0.3003388193359375 0.39698552734375 0.3021738837890625 0.390868646484375
0 0 0.3896452705078125 0.0746259384765625 0.436133560546875 0.0770726904296875 0.4263465517578125 0 0.3749647578125 0 0.3896452705078125
0 0.0740142509765625 0.4300166806640625 0.120502541015625 0.5376737724609375 0.1339596767578125 0.5284984521484375 0.0807428193359375 0.4214530478515625 0.0740142509765625 0.4300166806640625
0 0.1908466630859375 0.45203744921875 0.3144076435546875 0.422676423828125 0.308290763671875 0.4165595439453125 0.1859531591796875 0.441027064453125 0.1908466630859375 0.45203744921875
0 0.349885548828125 0.3774115107421875 0.25629728125 0.437968625 0.2703661064453125 0.4508140732421875 0.3615076220703125 0.383528390625 0.349885548828125 0.3774115107421875
0 0.381081638671875 0.3615076220703125 0.3327582841796875 0.449590697265625 0.3419336044921875 0.45264913671875 0.3920920224609375 0.3664011259765625 0.381081638671875 0.3615076220703125
0 0.3927037109375 0.384140078125 0.37924657421875 0.38842189453125 0.36028424609375 0.4875153544921875 0.37863488671875 0.4856802900390625 0.3927037109375 0.384140078125
0 0.383528390625 0.500360802734375 0.36945956640625 0.5101478115234375 0.3780231982421875 0.6379906083984375 0.3865868310546875 0.6306503515625 0.383528390625 0.500360802734375
0 0.1266194208984375 0.48873873046875 0.207362240234375 0.5841620625 0.2159258720703125 0.57131661328125 0.135183052734375 0.477728345703125 0.1266194208984375 0.48873873046875
0 0.180447966796875 0.6202516552734375 0.1902349755859375 0.619028279296875 0.152922005859375 0.4985257392578125 0.135183052734375 0.504642619140625 0.180447966796875 0.6202516552734375
0 0.152922005859375 0.852081416015625 0.2483453369140625 0.883889193359375 0.25079208984375 0.87226712109375 0.1541453818359375 0.8398476552734375 0.152922005859375 0.852081416015625
0 0.2985037548828125 0.778678853515625 0.395150462890625 0.8349541513671875 0.400043966796875 0.8190502626953124 0.3015621953125 0.7682801572265625 0.2985037548828125 0.778678853515625
0 0.5566361005859375 0.8465762236328125 0.437968625 0.8484112880859375 0.436133560546875 0.858809984375 0.550519220703125 0.86370348828125 0.5566361005859375 0.8465762236328125
0 0.8649268642578125 0.8367892158203125 0.7407541962890625 0.8306723349609375 0.7432009482421875 0.8465762236328125 0.8667619287109375 0.8496346640625 0.8649268642578125 0.8367892158203125
0 0 0.665678576171875 0.027149771484375 0.6862634091796875 0.0290804716796875 0.6807503125 0 0.6527858525390625 0 0.665678576171875
0 0 0.74646386328125 0.0376932900390625 0.767322119140625 0.0376932900390625 0.7559304306640625 0.00017019140625 0.7367294521484375 0 0.74646386328125
0 0.0389097431640625 0.8170934443359374 0.0021427421875 0.7892433759765625 0 0.8022002705078125 0.0381090048828125 0.8267915849609375 0.0389097431640625 0.8170934443359374