0 0.7676559990234375 0.557764599609375 0.734868173828125 0.62680273828125 0.74516954296875 0.6310836923828125 0.776060306640625 0.5654139501953125 0.7676559990234375 0.557764599609375
0 0.6763408955078125 0.601923384765625 0.757289076171875 0.5647696484375 0.75309101953125 0.5602395986328125 0.67412457421875 0.5794471875 0.6763408955078125 0.601923384765625
0 0.726892068359375 0.7070518330078125 0.725222025390625 0.590525615234375 0.7158541640625 0.58714683984375 0.71470183203125 0.7047285234375 0.726892068359375 0.7070518330078125
0 0.7302191259765625 0.7807278076171875 0.7412798212890624 0.6542792353515625 0.7314697880859375 0.6462171201171875 0.7208731162109375 0.7735870302734374 0.7302191259765625 0.7807278076171875
0 0.74683716796875 0.6672163037109375 0.771020669921875 0.786584783203125 0.777134908203125 0.7844546865234375 0.756729142578125 0.6611709169921876 0.74683716796875 0.6672163037109375
0 0.818659330078125 0.908286951171875 0.71044305859375 0.872271685546875 0.7056990380859375 0.88092780078125 0.807326505859375 0.9191345947265624 0.818659330078125 0.908286951171875
0 0.7311523203125 0.8624938408203126 0.6316462724609375 0.7814599150390625 0.6320447421875 0.7936672548828125 0.723585923828125 0.872205421875 0.7311523203125 0.8624938408203126
0 0.714769490234375 0.8546999814453125 0.715771283203125 0.84384590625 0.59855830859375 0.8213617080078125 0.59708156640625 0.833175443359375 0.714769490234375 0.8546999814453125
0 0.5666278251953125 0.8236051708984375 0.5751195361328125 0.816206517578125 0.504178359375 0.7467005087890625 0.487699931640625 0.7553654033203125 0.5666278251953125 0.8236051708984375
0 0.6051293125 0.57897213671875 0.485443265625 0.57821524609375 0.480221564453125 0.5883012724609376 0.60133632421875 0.591790546875 0.6051293125 0.57897213671875
0 0.425528443359375 0.79222294140625 0.5030915810546875 0.85299619140625 0.51207462890625 0.841816375 0.43401469140625 0.7857647880859375 0.425528443359375 0.79222294140625
0 0.3595030517578125 0.76529891796875 0.47490637109375 0.7761035107421875 0.4787360029296875 0.7632534677734375 0.3647629921875 0.7486293916015625 0.3595030517578125 0.76529891796875
0 0.251732310546875 0.5717690322265625 0.3335945673828125 0.619673078125 0.34493596875 0.6065164560546875 0.2588264912109375 0.5625468623046875 0.251732310546875 0.5717690322265625
0 0.284953173828125 0.7514165498046875 0.20237865234375 0.6645200673828126 0.1957512255859375 0.6741933271484375 0.27644507421875 0.7616367021484375 0.284953173828125 0.7514165498046875
0 0.1400879208984375 0.4794770458984375 0.1651721533203125 0.6053907041015625 0.17602494921875 0.5955449931640625 0.1545982724609375 0.486407048828125 0.1400879208984375 0.4794770458984375
0 0.219108994140625 0.450864455078125 0.2179138984375 0.3333785771484375 0.2066517080078125 0.3328979462890625 0.2125232421875 0.448258615234375 0.219108994140625 0.450864455078125
0 0.7521297685546875 0.9021525048828125 0.786224744140625 0.9426282919921875 0.8019062353515625 0.94144001953125 0.768348537109375 0.892375083984375 0.7521297685546875 0.9021525048828125
0 0.281648103515625 0.970672837890625 0.2681648955078125 0.944745013671875 0.259643896484375 0.9462020947265625 0.2713501171875 0.9723286748046875 0.281648103515625 0.970672837890625
0 0.22738053125 0.9739051787109375 0.2049943701171875 0.946156517578125 0.198390111328125 0.9489966005859375 0.213410181640625 0.9753015986328125 0.22738053125 0.9739051787109375
0 0.2072185146484375 0 0.2199038291015625 0.077503669921875 0.2298835693359375 0.0763557080078125 0.2197878544921875 0 0.2072185146484375 0