0 0.165318080078125 0.2804129462890625 0.2859933037109375 0.3006417412109375 0.2804129462890625 0.2915736611328125 0.1625279013671875 0.2713448662109375 0.165318080078125 0.2804129462890625
0 0.0439453125 0.254603794921875 0.082310267578125 0.3627232138671875 0.087890625 0.357142857421875 0.049525669921875 0.254603794921875 0.0500067353515625 0.2539303037109375 0.0439453125 0.254603794921875
0 0.064174107421875 0.2957589287109375 0.0034877236328125 0.258091517578125 0 0.264369419921875 0.0537109375 0.2999441962890625 0.064174107421875 0.2957589287109375
0 0.1792689736328125 0.4220145087890625 0.1004464287109375 0.3369140625 0.0941685263671875 0.341796875 0.171595982421875 0.4248046875 0.1792689736328125 0.4220145087890625
0 0.1834542412109375 0.332728794921875 0.2957589287109375 0.3201729912109375 0.29296875 0.3159877236328125 0.1834542412109375 0.326450892578125 0.1834542412109375 0.332728794921875
0 0.2553013388671875 0.3348214287109375 0.361328125 0.3201729912109375 0.361328125 0.3125 0.2504185263671875 0.326450892578125 0.2553013388671875 0.3348214287109375
0 0.3257533486328125 0.326450892578125 0.3934151787109375 0.2762276787109375 0.3885323662109375 0.2664620537109375 0.3257533486328125 0.3152901787109375 0.3257533486328125 0.326450892578125
0 0.3648158486328125 0.3773716513671875 0.3920200888671875 0.2992466513671875 0.3892299111328125 0.2880859375 0.357142857421875 0.3690011162109375 0.3648158486328125 0.3773716513671875
0 0.147181919921875 0.46875 0.1192801337890625 0.352260044921875 0.1109095986328125 0.3529575888671875 0.1381138388671875 0.4708426337890625 0.147181919921875 0.46875
0 0.3836495537109375 0.556640625 0.380161830078125 0.438755580078125 0.37109375 0.4366629462890625 0.376674107421875 0.5531529013671875 0.3836495537109375 0.556640625
0 0.233677455078125 0.5894252236328125 0.1611328125 0.508510044921875 0.155552455078125 0.5106026787109375 0.225306919921875 0.5922154013671875 0.233677455078125 0.5894252236328125
0 0.215541294921875 0.6626674111328125 0.1499720986328125 0.5789620537109375 0.1436941962890625 0.5838448662109375 0.205078125 0.663364955078125 0.215541294921875 0.6626674111328125
0 0.2713448662109375 0.7435825888671875 0.2308872763671875 0.634765625 0.220424107421875 0.6361607138671875 0.264369419921875 0.7407924111328125 0.2713448662109375 0.7435825888671875
0 0.0620814736328125 0.7596261162109375 0.0027901787109375 0.723353794921875 0.0013950888671875 0.7310267861328125 0.062779017578125 0.7679966513671875 0.0620814736328125 0.7596261162109375
0 0.0320870537109375 0.8119419638671875 0.0013950888671875 0.790318080078125 0 0.7972935263671875 0.0230189736328125 0.819614955078125 0.0320870537109375 0.8119419638671875
0 0 0.7421875 0.0272042412109375 0.7540457587890625 0.0279017861328125 0.7470703125 0.0020926337890625 0.736607142578125 0 0.7421875
0 0.4234095986328125 0.860072544921875 0.537806919921875 0.8656529013671875 0.5350167412109375 0.8579799111328125 0.4227120537109375 0.8544921875 0.4234095986328125 0.860072544921875
0 0.6591796875 0.8572823662109375 0.7679966513671875 0.869140625 0.7679966513671875 0.8628627236328125 0.6556919638671875 0.848911830078125 0.6591796875 0.8572823662109375
0 0.6947544638671875 0.804966517578125 0.8175223212890625 0.8042689736328125 0.819614955078125 0.791015625 0.697544642578125 0.795200892578125 0.6947544638671875 0.804966517578125
0 0 0.147930392578125 0.0063455400390625 0.1713295703125 0.01507065625 0.1681567998046875 0 0.12572100390625 0 0.147930392578125