0 0.0714651484375 0.061255841796875 0.187851248046875 0.010209306640625 0.179683802734375 0 0.0598946005859375 0.0469628125 0.0714651484375 0.061255841796875
0 0.00408372265625 0.2463846083984375 0 0.259997017578125 0.02994730078125 0.349158298828125 0.0347116435546875 0.3457551962890625 0.00408372265625 0.2463846083984375
0 0.0161723662109375 0.3277724931640625 0.0231302451171875 0.3234473251953125 0.00018805078125 0.2640232822265625 0.00018805078125 0.2824522578125 0.0161723662109375 0.3277724931640625
0 0.0076542578125 0.44241612109375 0.0987399296875 0.502502046875 0.1060114755859375 0.495995927734375 0.0153085166015625 0.4332310107421875 0.0076542578125 0.44241612109375
0 0.17528251171875 0.4328482978515625 0.30578761328125 0.442798833984375 0.3050221875 0.4336137236328125 0.177961501953125 0.4209841982421875 0.17528251171875 0.4328482978515625
0 0.1075423271484375 0.50173662109375 0.097209078125 0.5093908798828125 0.1530851630859375 0.6131060771484375 0.1607394208984375 0.6065999580078125 0.1075423271484375 0.50173662109375
0 0.2047514052734375 0.5082427412109375 0.31650357421875 0.4676751728515625 0.31191101953125 0.46078633984375 0.2020724150390625 0.49714406640625 0.2047514052734375 0.5082427412109375
0 0.353244013671875 0.402613978515625 0.2701953125 0.4826009755859375 0.2812939873046875 0.486045392578125 0.36510811328125 0.407971958984375 0.353244013671875 0.402613978515625
0 0.3896017392578125 0.41065094921875 0.3765895009765625 0.408354671875 0.3409972001953125 0.5086254541015625 0.350947736328125 0.5113044443359375 0.3896017392578125 0.41065094921875
0 0.3922807294921875 0.438971705078125 0.3807993427734375 0.438971705078125 0.36357726171875 0.54881030859375 0.3773549267578125 0.5449831796875 0.3922807294921875 0.438971705078125
0 0.3792684912109375 0.6544390712890625 0.3911325908203125 0.6525255068359375 0.3819474814453125 0.53962519921875 0.3742932236328125 0.53962519921875 0.3792684912109375 0.6544390712890625
0 0.145430904296875 0.55034116015625 0.227331466796875 0.6494638037109375 0.2384301416015625 0.638747841796875 0.1538505888671875 0.54268690234375 0.145430904296875 0.55034116015625
0 0.2070476826171875 0.682759826171875 0.221973486328125 0.679698123046875 0.172603521484375 0.5729212216796875 0.1595912822265625 0.5725385087890625 0.2070476826171875 0.682759826171875
0 0 0.6885005205078125 0.0627649169921875 0.7351914951171875 0.0662093330078125 0.728302662109375 0 0.67625370703125 0 0.6885005205078125
0 0.2996642060546875 0.90090618359375 0.415626216796875 0.9116221455078125 0.4129472265625 0.904350599609375 0.308466603515625 0.889042083984375 0.2996642060546875 0.90090618359375
0 0.5602916962890625 0.8469436640625 0.677401845703125 0.844264673828125 0.678549984375 0.8320178603515626 0.5645015380859375 0.8369931279296875 0.5602916962890625 0.8469436640625
0 0.854215208984375 0.8423511083984375 0.7359569208984374 0.851153505859375 0.7390186240234375 0.85842505078125 0.85230164453125 0.8530670703125 0.854215208984375 0.8423511083984375
0 0 0.7514235302734374 0.0429296171875 0.7727621171875 0.0429296171875 0.7616517763671875 0 0.738052818359375 0 0.7514235302734374
0 0.0492464658203125 0.827864072265625 0.001485634765625 0.791100419921875 0.0000522294921875 0.80290715234375 0.0416674072265625 0.8330753994140625 0.0492464658203125 0.827864072265625
0 0.93567972265625 0.7935745185546875 0.9990234375 0.8470405927734375 0.9990234375 0.8379896044921875 0.9464104248046875 0.7882037607421875 0.93567972265625 0.7935745185546875
0 0.275426337890625 0 0.2654929287109375 0.026657234375 0.282548337890625 0.0387000810546875 0.2947358125 0.0005361787109375 0.275426337890625 0
0 0.2049894384765625 0 0.1807026767578125 0.0182053701171875 0.1862090869140625 0.0224736318359375 0.2211700302734375 0 0.2049894384765625 0