0 0.7535524970703125 0.5278580869140626 0.6418744345703125 0.538132658203125 0.641833193359375 0.5483366845703125 0.7584994619140625 0.5369656767578125 0.7535524970703125 0.5278580869140626
0 0.5805043212890625 0.596480015625 0.5881034140625 0.607043642578125 0.684436765625 0.5433899765625 0.685467400390625 0.5350074677734376 0.5827075546875 0.5993940517578125 0.5805043212890625 0.596480015625
0 0.618980994140625 0.4891314765625 0.560633982421875 0.580457712890625 0.5676467744140625 0.58537306640625 0.622219421875 0.4962357880859375 0.618980994140625 0.4891314765625
0 0.8371976318359375 0.5482132333984375 0.902662525390625 0.627617302734375 0.9112006474609375 0.625060908203125 0.8441188203125 0.54839107421875 0.8371976318359375 0.5482132333984375
0 0.7530439228515625 0.612588060546875 0.6440455478515625 0.5763962890625 0.642520216796875 0.5838680400390625 0.753405775390625 0.61896533203125 0.7530439228515625 0.612588060546875
0 0.804474501953125 0.41029768359375 0.8353883701171875 0.5163268740234375 0.84257980859375 0.51814447265625 0.815618951171875 0.4068285693359375 0.804474501953125 0.41029768359375
0 0.7665615224609375 0.3370714912109375 0.7968982119140625 0.4625979765625 0.8041308916015625 0.4542115478515625 0.7781548671875 0.33214437890625 0.7665615224609375 0.3370714912109375
0 0.752865669921875 0.3689676474609375 0.8005442939453125 0.4784483173828125 0.8110612021484375 0.47953495703125 0.7636070263671875 0.3693252890625 0.752865669921875 0.3689676474609375
0 0.9210767265625 0.34626678125 0.97066250390625 0.404618572265625 0.9715748984375 0.3925778037109375 0.9305584404296875 0.343163146484375 0.9210767265625 0.34626678125
0 0.553131837890625 0.0937680458984375 0.4555985234375 0.0706884619140625 0.4535784970703125 0.077249453125 0.5513362587890624 0.0996000390625 0.553131837890625 0.0937680458984375
0 0.159388982421875 0.0861816376953125 0.2650573271484375 0.11053158203125 0.2612784013671875 0.100147755859375 0.26653685546875 0.1006910751953125 0.159027130859375 0.079804365234375 0.159388982421875 0.0861816376953125
0 0.5467338779296875 1 0.5584896455078125 0.987708037109375 0.5464428447265625 0.98152036328125 0.5462183974609375 0.98224936328125 0.53162011328125 1 0.5467338779296875 1
0 0.8748401650390625 0.743158751953125 0.8765806259765625 0.83317151953125 0.8815642705078125 0.819502296875 0.8807261611328125 0.739146318359375 0.8748401650390625 0.743158751953125
0 0.8675525634765625 0.72403085546875 0.8677218916015625 0.8191466162109375 0.8747346845703124 0.8240619716796875 0.8760906865234375 0.7214744609375 0.8675525634765625 0.72403085546875
0 0.9140633447265625 0.7114286787109375 0.888357373046875 0.7143603515625 0.8889894736328126 0.7223773818359375 0.9140633447265625 0.7114286787109375
0 0.8880916845703125 0.7252933779296875 0.9059374365234375 0.73530388671875 0.9103393427734375 0.72855917578125 0.8915499990234375 0.71909590625 0.8880916845703125 0.7252933779296875
0 0.6117300732421875 0.4472267685546875 0.5610279541015625 0.551485388671875 0.567770498046875 0.5547609853515625 0.6232363740234375 0.4501349267578125 0.6117300732421875 0.4472267685546875
0 0.623470138671875 0.351192412109375 0.5951576435546875 0.4783958857421875 0.606077646484375 0.475655771484375 0.63241135546875 0.3448092607421875 0.623470138671875 0.351192412109375