0 0.48287159765625 0.692169126953125 0.4670986015625 0.8102492236328125 0.4755688232421875 0.8081246181640624 0.4874813935546875 0.691146083984375 0.48287159765625 0.692169126953125
0 0.5188870341796875 0.6854004443359375 0.547020677734375 0.79226747265625 0.5546279609375 0.79155851953125 0.5252227099609375 0.681546099609375 0.5188870341796875 0.6854004443359375
0 0.446448376953125 0.6446764287109376 0.5290822509765625 0.730144873046875 0.539970939453125 0.726014572265625 0.4560086748046875 0.6381478251953125 0.446448376953125 0.6446764287109376
0 0.46601206640625 0.6158518779296875 0.569118169921875 0.660542380859375 0.57135510546875 0.650987296875 0.4725748779296875 0.609009185546875 0.46601206640625 0.6158518779296875
0 0.50024483984375 0.6126615859375 0.6014891376953125 0.6420962666015625 0.6064964228515625 0.6358436171875 0.5081928271484375 0.607470111328125 0.50024483984375 0.6126615859375
0 0.7020776044921875 0.6285521865234375 0.576226462890625 0.6266475224609375 0.5869559794921875 0.6345491328125 0.705231931640625 0.63865912890625 0.7020776044921875 0.6285521865234375
0 0.4894067392578125 0.9639471513671874 0.5587025732421875 0.8770786298828125 0.550629837890625 0.87397362890625 0.4861141533203125 0.9575778466796875 0.4894067392578125 0.9639471513671874
0 0.29558019140625 0.969993560546875 0.3903649521484375 0.9452857734375 0.3795218662109375 0.9388783359375 0.2859519296875 0.9674786005859375 0.29558019140625 0.969993560546875
0 0.2777200244140625 0.9764055087890625 0.3676678505859375 0.9557091103515625 0.3710060400390625 0.9515406787109375 0.268954701171875 0.9724748984375 0.2777200244140625 0.9764055087890625
0 0.39205640625 0.9627828564453125 0.3991749931640625 0.9883789833984375 0.4067254921875 0.9884171162109375 0.3968365556640625 0.9595185546875 0.39205640625 0.9627828564453125
0 0.3841307783203125 0.987555630859375 0.39280577734375 0.96286137890625 0.3898650751953125 0.9618002041015625 0.3776135712890625 0.9838605859375 0.3841307783203125 0.987555630859375
0 0.0211219296875 0.675412794921875 0.063936724609375 0.768004396484375 0.073213103515625 0.7652112265625 0.0266514501953125 0.6722270146484375 0.0211219296875 0.675412794921875
0 0.5948315771484375 0.868815775390625 0.6936815390625 0.8204367783203125 0.6924555361328125 0.806753650390625 0.5884847216796875 0.862879470703125 0.5948315771484375 0.868815775390625
0 0.6407144765625 0.8216640205078125 0.7510321474609375 0.771474505859375 0.7457185830078125 0.7618812890625 0.6344244052734375 0.81498062890625 0.6407144765625 0.8216640205078125
0 0.61940255078125 0.8337385751953125 0.718627640625 0.7605486708984375 0.7107252578125 0.7552024091796875 0.613861849609375 0.8271337060546875 0.61940255078125 0.8337385751953125
0 0.7040752939453125 1 0.7440347685546875 0.95297619921875 0.7361891689453125 0.9468828505859375 0.693241345703125 1 0.7040752939453125 1
0 0.7440782216796875 1 0.753923705078125 0.98187476171875 0.747985517578125 0.9804994990234375 0.7371907158203125 1 0.7440782216796875 1
0 0.80236498046875 1 0.8081735537109375 0.993583560546875 0.8055735556640625 0.9880398642578125 0.7941026142578125 1 0.80236498046875 1
0 0.93487444921875 0.3502116689453125 0.9327949169921875 0.4471355146484375 0.93792694921875 0.4491793427734375 0.9447298466796875 0.34973828125 0.93487444921875 0.3502116689453125
0 0.889985431640625 0.0563418974609375 0.874019724609375 0.1570819541015625 0.8813430869140625 0.1601084345703125 0.8974791474609375 0.0571271171875 0.889985431640625 0.0563418974609375
0 0.078823537109375 0.6814589873046875 0.01875916796875 0.644710783203125 0.0190194482421875 0.653656052734375 0.0709323349609375 0.685903375 0.078823537109375 0.6814589873046875
0 0.053570271484375 0.775201564453125 0.0911618251953125 0.8868248125 0.09929134375 0.889182728515625 0.0593837109375 0.7682803515625 0.053570271484375 0.775201564453125
0 0.7073105693359375 1 0.767058552734375 0.9170856865234375 0.757558943359375 0.9149342412109375 0.697189685546875 0.9972383125 0.700597685546875 1 0.7073105693359375 1