0 1 0.176876716796875 0.9947055654296875 0.162719076171875 0.9901921494140625 0.16296920703125 1 0.1905401201171875 1 0.176876716796875
0 0.7553857705078125 0.0658254912109375 0.707949005859375 0.07631381640625 0.717705482421875 0.0796404482421875 0.762149333984375 0.066573431640625 0.7553857705078125 0.0658254912109375
0 0.770415912109375 0.0674875830078125 0.6921017744140625 0.0857999853515625 0.696593328125 0.08929364453125 0.7824400263671875 0.068817255859375 0.770415912109375 0.0674875830078125
0 0.6018630771484375 0.3433001591796875 0.6168237666015625 0.2280729384765625 0.608561560546875 0.2264100302734375 0.5958510205078125 0.342635322265625 0.6018630771484375 0.3433001591796875
0 0.5990373095703125 0.0545298017578125 0.5466980087890625 0.1319076962890625 0.55117207421875 0.1383963857421875 0.6095496640625 0.0571907822265625 0.5990373095703125 0.0545298017578125
0 0.5504774052734375 0.1285794306640625 0.4434617138671875 0.168442865234375 0.449443166015625 0.1743490048828125 0.5519366982421875 0.136233216796875 0.5504774052734375 0.1285794306640625
0 0.495324451171875 0.172679564453125 0.408428939453125 0.243988375 0.4136807451171875 0.2460676220703125 0.5013015302734375 0.179334462890625 0.495324451171875 0.172679564453125
0 0.573978615234375 0.3537029287109375 0.54309299609375 0.234155087890625 0.5392873681640625 0.2419758994140625 0.5657207802734375 0.3512912626953125 0.573978615234375 0.3537029287109375
0 0.6195800830078125 0.3999539833984375 0.5614216015625 0.3148522646484375 0.5486503525390625 0.3126907294921875 0.61803771875 0.40652659375 0.6195800830078125 0.3999539833984375
0 0.6321677021484375 0.43356334375 0.534738474609375 0.3770855283203125 0.5294385751953125 0.383242615234375 0.621589763671875 0.4421337314453125 0.6321677021484375 0.43356334375
0 0.595348224609375 0.4287424619140625 0.4947337109375 0.4026312939453125 0.4954502412109375 0.4087044619140625 0.5908042041015625 0.434233896484375 0.595348224609375 0.4287424619140625
0 0.4734083232421875 0.1912347490234375 0.312956927734375 0.2386753984375 0.317400388671875 0.2504053916015625 0.4809059072265625 0.195060826171875 0.4734083232421875 0.1912347490234375
0 0.1260016630859375 0.317650244140625 0.1468563623046875 0.223304318359375 0.1370736533203125 0.2244702333984375 0.1169792060546875 0.3174017470703125 0.1260016630859375 0.317650244140625
0 0.179589390625 0.5416053798828125 0.1794150068359375 0.4426862529296875 0.172668931640625 0.43894328125 0.170540701171875 0.5458494287109374 0.179589390625 0.5416053798828125
0 0.16279777734375 0.7128232216796875 0.1641919892578125 0.6028389375 0.158909578125 0.606000994140625 0.15979612109375 0.711742044921875 0.16279777734375 0.7128232216796875
0 0.1596858154296875 0.988199859375 0.1841319072265625 0.922722251953125 0.1751094501953125 0.92247375390625 0.1536650146484375 0.9890325380859375 0.1596858154296875 0.988199859375
0 0.3124638779296875 0.0655461513671875 0.3436823388671875 0.0260426904296875 0.3341188603515625 0.025318013671875 0.3072077001953125 0.0642156611328125 0.3124638779296875 0.0655461513671875
0 0.25990647265625 0.0514924970703125 0.2704423466796875 0.0204928955078125 0.2634502890625 0.0199630693359375 0.2561489375 0.0510769736328125 0.25990647265625 0.0514924970703125
0 0.1952637421875 0.0465917763671875 0.2214518544921875 0.0167806181640625 0.2106253955078125 0.01596023828125 0.1922970625 0.0395205380859375 0.1952637421875 0.0465917763671875
0 0.3708168779296875 0.4162603203125 0.4883520927734375 0.4184706298828125 0.486882841796875 0.405209421875 0.3616146904296875 0.4029144892578125 0.3708168779296875 0.4162603203125