0 0.584477421875 0.9262627734375 0.6919475361328125 0.974080193359375 0.697597515625 0.96968868359375 0.5902227373046876 0.9195325107421874 0.584477421875 0.9262627734375
0 0.693005482421875 0.85226079296875 0.686359751953125 0.7276940751953125 0.66923370703125 0.7260156533203125 0.68352556640625 0.8517641728515625 0.693005482421875 0.85226079296875
0 0.6404806640625 0.8370092197265625 0.6595081142578125 0.715349927734375 0.650897423828125 0.71568009375 0.631901751953125 0.83655980078125 0.6404806640625 0.8370092197265625
0 0.6599013642578125 0.648183126953125 0.6302413056640624 0.762254173828125 0.643150060546875 0.7715241552734375 0.6713774306640625 0.6542530595703125 0.6599013642578125 0.648183126953125
0 0.7088100302734375 0.617932826171875 0.639690146484375 0.6838430283203125 0.6478241591796875 0.6952066259765625 0.71298098046875 0.630651310546875 0.7088100302734375 0.617932826171875
0 0.5947564501953125 0.6549266494140625 0.68324940234375 0.6314375234375 0.686161119140625 0.6175275791015625 0.5921770830078125 0.641510294921875 0.5947564501953125 0.6549266494140625
0 0.4191343720703125 0.6301014501953125 0.5467839248046875 0.64303855078125 0.5491064130859376 0.624410244140625 0.4220778671875 0.6154119208984375 0.4191343720703125 0.6301014501953125
0 0.5296393701171875 0.8335463828125 0.61371510546875 0.9184194462890625 0.6226753603515625 0.9095138564453125 0.5347954560546875 0.8220977578125 0.5296393701171875 0.8335463828125
0 0.606121328125 0.8938029208984375 0.486045681640625 0.84845013671875 0.4815106064453125 0.8638375380859376 0.604832970703125 0.90623541015625 0.606121328125 0.8938029208984375
0 0.446969853515625 0.8292156162109375 0.364072578125 0.7537792724609375 0.353457185546875 0.7649419033203125 0.439442287109375 0.841321255859375 0.446969853515625 0.8292156162109375
0 0.3625670791015625 0.84823151953125 0.370094646484375 0.83612587890625 0.2871338134765625 0.7622487041015625 0.278645611328125 0.7731923828125 0.3625670791015625 0.84823151953125
0 0.1933814794921875 0.684681205078125 0.29069831640625 0.7514979521484375 0.29647541015625 0.7439881044921876 0.2039333154296875 0.6750777431640625 0.1933814794921875 0.684681205078125
0 0.2107047275390625 0.08715207421875 0.2061458349609375 0.218163060546875 0.2171915654296875 0.2156167109375 0.2181541748046875 0.0961360615234375 0.2107047275390625 0.08715207421875
0 0.1471196171875 0.0939773095703125 0.1485284892578125 0.212800943359375 0.1643171826171875 0.2089405634765625 0.1595344775390625 0.096190177734375 0.1471196171875 0.0939773095703125
0 0.1317281904296875 0.318170681640625 0.12966789453125 0.44540631640625 0.147016388671875 0.4416276484375 0.1474215478515625 0.3166490537109375 0.1317281904296875 0.318170681640625
0 0.6892167880859374 1 0.661522373046875 0.9437888173828125 0.651518423828125 0.9495605009765625 0.6784175107421875 1 0.6892167880859374 1
0 0.240340146484375 0.976575435546875 0.198989998046875 0.9075716396484375 0.1936707021484375 0.910153759765625 0.228549451171875 0.9784006376953125 0.240340146484375 0.976575435546875
0 0.188864021484375 0.991298283203125 0.16900444140625 0.9616806875 0.1591311806640625 0.9664976962890625 0.1796966142578125 0.9925576064453125 0.188864021484375 0.991298283203125
0 0.244398904296875 0.9950773466796875 0.2366835966796875 0.9707200810546875 0.224006173828125 0.9770380244140625 0.23148848046875 0.9952707998046875 0.244398904296875 0.9950773466796875