0 0.8898551728515625 0.7145826962890625 0.9234585576171875 0.8225745908203125 0.935376341796875 0.822255390625 0.89663536328125 0.705504068359375 0.8898551728515625 0.7145826962890625
0 0.67990464453125 0.7542643017578124 0.8033622724609375 0.780884046875 0.8041742470703125 0.772193849609375 0.678502916015625 0.743716841796875 0.67990464453125 0.7542643017578124
0 0.5778109228515625 0.776428015625 0.643534341796875 0.7478887060546875 0.643673423828125 0.7332382890625 0.5708426923828125 0.767647287109375 0.5778109228515625 0.776428015625
0 0.600770787109375 0.6736730537109376 0.56860023828125 0.7552585390625 0.57954676171875 0.7563016650390625 0.6161074189453125 0.679346025390625 0.600770787109375 0.6736730537109376
0 0.6115152939453125 0.724622326171875 0.720933119140625 0.724979765625 0.7194754462890625 0.71580528125 0.6083761708984375 0.711765267578125 0.6115152939453125 0.724622326171875
0 0.670488830078125 0.738129076171875 0.7906006474609375 0.7344900654296875 0.792383884765625 0.7244375419921875 0.6685175537109375 0.730322244140625 0.670488830078125 0.738129076171875
0 0.8102636572265625 0.633986123046875 0.7997103037109375 0.6457681025390625 0.8808154375 0.7341661826171875 0.8875396845703125 0.7264605322265625 0.8102636572265625 0.633986123046875
0 0.85506529296875 0.601998234375 0.8370114580078125 0.6068247958984375 0.858052916015625 0.7197071572265625 0.874015041015625 0.721266521484375 0.85506529296875 0.601998234375
0 0.5907729658203125 0.48079087890625 0.594909787109375 0.6040076875 0.60838703125 0.599127873046875 0.6051841767578126 0.4754640556640625 0.5907729658203125 0.48079087890625
0 0.7744908544921875 0.4893388955078125 0.76803778515625 0.5016264619140625 0.8356182744140624 0.58483053125 0.841137376953125 0.5729899736328125 0.7744908544921875 0.4893388955078125
0 0.8089885517578125 0.4293006669921875 0.8016574599609375 0.440662265625 0.8643528857421875 0.520146482421875 0.86849901171875 0.5082899482421875 0.8089885517578125 0.4293006669921875
0 0.7699251240234375 0.3766482470703125 0.783260970703125 0.48760944140625 0.79302099609375 0.4840600009765625 0.784793994140625 0.3713267490234375 0.7699251240234375 0.3766482470703125
0 0.594840583984375 0.2798306015625 0.6320935810546875 0.3544400078125 0.6366600703125 0.3435041171875 0.599612203125 0.2638604599609375 0.594840583984375 0.2798306015625
0 0.69892966015625 0.2086973623046875 0.7800161455078125 0.2975531015625 0.787786248046875 0.28665448828125 0.705177599609375 0.201444046875 0.69892966015625 0.2086973623046875
0 0.5371288955078125 0.1454592431640625 0.6484737119140624 0.18842158203125 0.6516858701171875 0.177012056640625 0.5425920537109375 0.1349916611328125 0.5371288955078125 0.1454592431640625
0 0.9632217412109375 0.273246267578125 0.9889443056640626 0.2829622314453125 0.9893436845703125 0.2731607578125 0.9672805595703124 0.2611415146484375 0.9632217412109375 0.273246267578125
0 0.965604111328125 0.20396089453125 0.9912979140625 0.22520052734375 0.9916968017578125 0.215411123046875 0.965984923828125 0.194615091796875 0.965604111328125 0.20396089453125
0 0.0036494169921875 0.1940506669921875 0.0032868193359375 0.2076174189453125 0.1187066083984375 0.2093559541015625 0.1191691904296875 0.198003384765625 0.0036494169921875 0.1940506669921875
0 0.9678967119140625 0.7995071650390625 0.914658501953125 0.767398197265625 0.9136975859375 0.7807557060546875 0.9641353486328125 0.80979484765625 0.9678967119140625 0.7995071650390625