0 0.0870994072265625 0.62072490625 0.0490573037109375 0.7015521240234375 0.05053387890625 0.7226681357421875 0.09913908984375 0.6261132509765625 0.0870994072265625 0.62072490625
0 0.30117178125 0.690309189453125 0.17177505859375 0.697493234375 0.1726124814453125 0.70862112109375 0.3007039140625 0.7042312646484375 0.30117178125 0.690309189453125
0 0.396887244140625 0.7248242099609375 0.341832513671875 0.6921918037109375 0.3357232802734375 0.7022295048828125 0.3974907333984375 0.742913134765625 0.406289521484375 0.73129816796875 0.396887244140625 0.7248242099609375
0 0.378201830078125 0.639418291015625 0.374546720703125 0.645342580078125 0.3964953564453125 0.7237630302734375 0.40981350390625 0.721854423828125 0.3832933564453125 0.634219267578125 0.378201830078125 0.639418291015625
0 0.3750205791015625 0.6694092333984375 0.262647765625 0.658771544921875 0.261317150390625 0.6665601513671875 0.3777384580078125 0.6818319130859375 0.3750205791015625 0.6694092333984375
0 0.3122160869140625 0.6765474296875 0.190779232421875 0.651491435546875 0.1874385302734375 0.663962978515625 0.305940751953125 0.6860095439453125 0.3122160869140625 0.6765474296875
0 0.1887288369140625 0.5661969677734375 0.0948581591796875 0.6379373994140625 0.1024857841796875 0.6516304375 0.1029298212890625 0.6521999638671875 0.1922558154296875 0.5757475888671875 0.1887288369140625 0.5661969677734375
0 0.1608855654296875 0.5338363291015625 0.149446376953125 0.527542544921875 0.1099524580078125 0.6383068935546875 0.1233495810546875 0.640409396484375 0.1608855654296875 0.5338363291015625
0 0.412616064453125 0.44338390625 0.3936760283203125 0.5648715068359375 0.4054802783203125 0.5677237080078125 0.4240805791015625 0.444683271484375 0.412616064453125 0.44338390625
0 0.2450365615234375 0.4300803232421875 0.160045146484375 0.5037140771484375 0.1708316904296875 0.511404955078125 0.2498166767578125 0.43732841015625 0.2450365615234375 0.4300803232421875
0 0.1467150146484375 0.429645224609375 0.1489888544921875 0.44149837890625 0.2240579736328125 0.3758043974609375 0.2135843388671875 0.36516358984375 0.1467150146484375 0.429645224609375
0 0.2254750576171875 0.4195128115234375 0.2358950419921875 0.4211480908203125 0.2632196494140625 0.3109731259765625 0.2498225263671875 0.3088706220703125 0.2254750576171875 0.4195128115234375
0 0.4603439501953125 0.2169493681640625 0.401756392578125 0.303224130859375 0.409984509765625 0.316011728515625 0.4657513828125 0.2277947802734375 0.4603439501953125 0.2169493681640625
0 0.25780023046875 0.2241502548828125 0.2669164228515625 0.2380769033203125 0.358228673828125 0.171433193359375 0.3487205947265625 0.156445365234375 0.25780023046875 0.2241502548828125
0 0.5259273193359375 0.1122787734375 0.403140515625 0.137994533203125 0.4099322138671875 0.1500568671875 0.52331823828125 0.12736433203125 0.5259273193359375 0.1122787734375
0 0.691535546875 0.2107455146484375 0.5698647587890625 0.19265055859375 0.571667736328125 0.199431423828125 0.6829975166015625 0.2199022080078125 0.691535546875 0.2107455146484375
0 0.06785058984375 0.6731352900390625 0.0476044755859375 0.680775712890625 0.048410791015625 0.69230655859375 0.0735471708984375 0.6808703125 0.06785058984375 0.6731352900390625
0 0.060336005859375 0.18822030078125 0.0887110458984375 0.1847178818359375 0.090841521484375 0.1664107041015625 0.0616691513671875 0.17565219140625 0.060336005859375 0.18822030078125
0 0.0661747607421875 0.1331759775390625 0.09722283984375 0.10930776953125 0.09362131640625 0.10193759765625 0.0689793115234375 0.11705934375 0.0661747607421875 0.1331759775390625
0 1 0.2567784296875 0.9326370029296875 0.24573697265625 0.9303044921875 0.264213884765625 1 0.2752657802734375 1 0.2567784296875