0 0.65206101171875 0 0.626637857421875 0.0340227490234375 0.6338995576171875 0.0361664091796875 0.6608860087890625 0 0.65206101171875 0
0 0.64616819140625 0.033664505859375 0.6453601181640625 0.0248340927734375 0.5302273212890625 0.07081816015625 0.535684576171875 0.0817614912109375 0.64616819140625 0.033664505859375
0 0.65708895703125 0.13082295703125 0.6208149365234376 0.2621216171875 0.6321405537109375 0.26431309765625 0.665588662109375 0.1303349140625 0.65708895703125 0.13082295703125
0 0.5840733798828125 0.2252295361328125 0.6247752763671875 0.325678728515625 0.630199583984375 0.3222141962890625 0.6309025322265625 0.321340376953125 0.592890041015625 0.218276560546875 0.5840733798828125 0.2252295361328125
0 0.6003682919921876 0.1519137470703125 0.5884715302734375 0.153831966796875 0.599353064453125 0.270101916015625 0.6122791435546875 0.2649614765625 0.6003682919921876 0.1519137470703125
0 0.650040587890625 0.3489103798828125 0.5724041162109375 0.2903669130859375 0.56393265234375 0.3032045537109375 0.6448704697265625 0.3547301455078125 0.650040587890625 0.3489103798828125
0 0.615969591796875 0.3555661845703125 0.6216339716796875 0.3482820849609375 0.535409916015625 0.324333123046875 0.5313381513671875 0.338986716796875 0.615969591796875 0.3555661845703125
0 0.4986777568359375 0.345953150390625 0.50191948046875 0.3309957587890625 0.3740700888671875 0.3377241796875 0.3760439873046875 0.3486265224609375 0.4986777568359375 0.345953150390625
0 0.579625865234375 0.084630796875 0.5722684521484375 0.0768994365234375 0.4706956298828125 0.1592087724609375 0.479972025390625 0.1719612255859375 0.579625865234375 0.084630796875
0 0.4364944130859375 0.1270510673828125 0.4392983544921875 0.13825720703125 0.5579333349609376 0.1005471943359375 0.559733072265625 0.0896892578125 0.4364944130859375 0.1270510673828125
0 0.3179355205078125 0.2071023154296875 0.308922728515625 0.2008216279296875 0.22139630859375 0.2782977392578125 0.232277873046875 0.2857765380859375 0.3179355205078125 0.2071023154296875
0 0.1721214892578125 0.1539296650390625 0.2156881328125 0.0649049482421875 0.205909107421875 0.064034287109375 0.2071358955078125 0.0646154150390625 0.1636972734375 0.1513748701171875 0.1721214892578125 0.1539296650390625
0 0.2006666845703125 0.2561368408203125 0.141156056640625 0.3648770322265625 0.1511614873046875 0.3641930068359375 0.21367780859375 0.2594969912109375 0.2006666845703125 0.2561368408203125
0 0.1179447734375 0.549009078125 0.0994035654296875 0.6738657158203125 0.112290611328125 0.6724138369140625 0.12377004296875 0.54987938671875 0.1179447734375 0.549009078125