0 0.1656916103515625 0.2961374169921875 0.292140470703125 0.321209173828125 0.2903236767578125 0.3095816923828125 0.1667816865234375 0.2881435244140625 0.1656916103515625 0.2961374169921875
0 0.3978778798828125 0.2856000126953125 0.3895206279296875 0.280149630859375 0.329197345703125 0.341909181640625 0.332473296875 0.348461083984375 0.3978778798828125 0.2856000126953125
0 0.3833435283203125 0.3012244404296875 0.358271771484375 0.3917007802734375 0.3669923828125 0.39824123828125 0.394607650390625 0.306674822265625 0.3833435283203125 0.3012244404296875
0 0.253987796875 0.353548107421875 0.3666290234375 0.33029314453125 0.36444887109375 0.32302596875 0.250717568359375 0.345917572265625 0.253987796875 0.353548107421875
0 0.18349619140625 0.35427482421875 0.3099450517578125 0.3379236787109375 0.306674822265625 0.3281129912109375 0.1791358857421875 0.3441007783203125 0.18349619140625 0.35427482421875
0 0.0446931318359375 0.287416806640625 0.0846625986328125 0.3942442919921875 0.09520000390625 0.3895206279296875 0.055230537109375 0.2783328369140625 0.0446931318359375 0.287416806640625
0 0 0.2856000126953125 0.064677865234375 0.324116044921875 0.0635877890625 0.3110351279296875 0.001090076171875 0.2768794013671875 0 0.2856000126953125
0 0.0959267216796875 0.3669923828125 0.1780458095703125 0.45238169921875 0.18349619140625 0.4451145234375 0.1024671796875 0.353184748046875 0.0959267216796875 0.3669923828125
0 0.1126412265625 0.37425955859375 0.1373496240234375 0.492351166015625 0.1522473349609375 0.4898076552734375 0.1206351201171875 0.3746229169921875 0.1126412265625 0.37425955859375
0 0.3688091767578125 0.446204599609375 0.375349634765625 0.5715633837890625 0.38879391015625 0.5690198720703125 0.3782565048828125 0.4432977294921875 0.3688091767578125 0.446204599609375
0 0.1671450458984375 0.5483084208984375 0.2387267275390625 0.6311542255859375 0.245993904296875 0.61843666796875 0.172595427734375 0.5395878095703125 0.1671450458984375 0.5483084208984375
0 0.1573343583984375 0.6209801796875 0.2281893232421875 0.7012824736328125 0.23254962890625 0.69692216796875 0.159877869140625 0.607535904296875 0.1573343583984375 0.6209801796875
0 0.2441771103515625 0.693288580078125 0.3048580283203125 0.7950290419921875 0.3135786396484375 0.7852183544921875 0.2496274921875 0.6816610986328125 0.2441771103515625 0.693288580078125
0 0.031075203125 0.811176611328125 0.00109955078125 0.7828803515625 0.0017094580078125 0.800632087890625 0.0288288544921875 0.822953833984375 0.031075203125 0.811176611328125
0 0.0043603056640625 0.7427053759765625 0.0784855 0.783764919921875 0.08575267578125 0.7790412548828125 0.01199083984375 0.733258046875 0.0043603056640625 0.7427053759765625
0 0.546128267578125 0.8658840068359375 0.666400029296875 0.866974083984375 0.6609496474609375 0.85352980859375 0.541767962890625 0.8575267548828125 0.546128267578125 0.8658840068359375
0 0.7743175908203125 0.8070198828125 0.898586298828125 0.8037496533203125 0.8956794287109375 0.7975725537109375 0.776134384765625 0.7950290419921875 0.7743175908203125 0.8070198828125
0 0.7743175908203125 0.8575267548828125 0.888412251953125 0.86770080078125 0.8891389697265625 0.85789011328125 0.778677896484375 0.8488061435546875 0.7743175908203125 0.8575267548828125