0 0.5709286787109376 0 0.5326227587890625 0.0641720908203125 0.54386805859375 0.067128193359375 0.5843349912109375 0 0.5709286787109376 0
0 0.543905515625 0.0607152861328125 0.4363121484375 0.117354810546875 0.4383958427734375 0.127893509765625 0.54276066015625 0.0730814296875 0.543905515625 0.0607152861328125
0 0.583555384765625 0.158915859375 0.5688845263671874 0.2833359296875 0.57586255078125 0.2823157158203125 0.5910699404296875 0.15785827734375 0.583555384765625 0.158915859375
0 0.593227833984375 0.3393330966796875 0.529954994140625 0.2454488251953125 0.5256252890625 0.2521606884765625 0.585672701171875 0.3473379951171875 0.593227833984375 0.3393330966796875
0 0.5527355322265625 0.293541966796875 0.5276469130859375 0.1815066015625 0.5185258876953125 0.1821418828125 0.54198618359375 0.297495810546875 0.5527355322265625 0.293541966796875
0 0.5177205537109375 0.32001938671875 0.5106988291015625 0.32852132421875 0.601575099609375 0.3793502626953125 0.6075580986328125 0.3650445654296875 0.5182602060546875 0.319447607421875 0.5177205537109375 0.32001938671875
0 0.4584586748046875 0.3658139287109375 0.336644294921875 0.378037671875 0.3403282177734375 0.390067490234375 0.460033931640625 0.3715803193359375 0.4584586748046875 0.3658139287109375
0 0.4792034111328125 0.119709337890625 0.38644250390625 0.2079014599609375 0.3955354375 0.212075859375 0.48828698046875 0.125486962890625 0.4792034111328125 0.119709337890625
0 0.4630200830078125 0.135793873046875 0.3619618525390625 0.1754182861328125 0.3629693642578125 0.1865661337890625 0.4667289775390625 0.1435484208984375 0.4630200830078125 0.135793873046875
0 0.1814217666015625 0.3252801669921875 0.1325315400390625 0.4317843466796875 0.1421797333984375 0.4327149228515625 0.189454123046875 0.3273916689453125 0.1814217666015625 0.3252801669921875
0 0.115734716796875 0.1856235771484375 0.0894380986328125 0.280404466796875 0.1007114912109375 0.278550888671875 0.1237982880859375 0.1823909892578125 0.115734716796875 0.1856235771484375
0 0.110770642578125 0.484582384765625 0.1149376748046875 0.59754075 0.12191569921875 0.5965205380859375 0.1209522451171875 0.4860099990234375 0.110770642578125 0.484582384765625
0 0.12509046875 0.7875399775390625 0.123299474609375 0.91052876953125 0.1318933349609375 0.908327630859375 0.1309767021484375 0.7898009580078125 0.12509046875 0.7875399775390625
0 0.67594503125 0 0.6717710556640625 0.00168724609375 0.6739686806640625 0.007699287109375 0.692521650390625 0 0.67594503125 0
0 0.2882273681640625 0.0404316767578125 0.3135245732421875 0.004186037109375 0.3050235419921875 0.0041692353515625 0.279692830078125 0.03838358203125 0.2882273681640625 0.0404316767578125
0 0.1769028525390625 0.013092873046875 0.146197681640625 0.049208556640625 0.1535459716796875 0.0523858212890625 0.1857108359375 0.01247939453125 0.1769028525390625 0.013092873046875
0 0.5753480693359375 0.3765347177734375 0.5767292958984375 0.367469373046875 0.4891883720703125 0.352159869140625 0.482096828125 0.36059789453125 0.5753480693359375 0.3765347177734375