0 0.05775828515625 0.3641283193359375 0.101704806640625 0.4727390078125 0.112377533203125 0.46206628125 0.06654758984375 0.3559668232421875 0.05775828515625 0.3641283193359375
0 0.3873571953125 0.322065220703125 0.328343294921875 0.4049358037109375 0.3377604072265625 0.4143529150390625 0.396774306640625 0.3258320654296875 0.3873571953125 0.322065220703125
0 0.38296254296875 0.349688748046875 0.36161708984375 0.44699890234375 0.37668446875 0.4507657470703125 0.3961464990234375 0.3534555927734375 0.38296254296875 0.349688748046875
0 0.371034201171875 0.480272697265625 0.375428853515625 0.607717609375 0.3886128095703125 0.60143953515625 0.38296254296875 0.47901708203125 0.371034201171875 0.480272697265625
0 0.2592844755859375 0.4030523818359375 0.36161708984375 0.3559668232421875 0.360361474609375 0.3484331337890625 0.255517630859375 0.39363526953125 0.2592844755859375 0.4030523818359375
0 0.168880203125 0.3465497109375 0.2956973076171875 0.3666395498046875 0.2956973076171875 0.3515721708984375 0.1726470478515625 0.332737947265625 0.168880203125 0.3465497109375
0 0.1858310048828125 0.3961464990234375 0.187086619140625 0.409958263671875 0.2988363447265625 0.3892406171875 0.290047041015625 0.381706927734375 0.1858310048828125 0.3961464990234375
0 0.1287005263671875 0.4262812568359375 0.1130053408203125 0.431303716796875 0.1280727197265625 0.450137939453125 0.191481271484375 0.526102640625 0.2015261904296875 0.514802107421875 0.1287005263671875 0.4262812568359375
0 0.1255614892578125 0.441976443359375 0.1544406318359375 0.565026703125 0.17139143359375 0.5612598583984375 0.138117638671875 0.440720828125 0.1255614892578125 0.441976443359375
0 0.212826724609375 0.65668658984375 0.2831411591796875 0.7420684033203125 0.2925582705078125 0.7313956767578125 0.2222438369140625 0.6497807080078125 0.212826724609375 0.65668658984375
0 0.2454727119140625 0.735790328125 0.238566830078125 0.7502298994140625 0.3289711025390625 0.814266259765625 0.33148233203125 0.8073603779296875 0.2454727119140625 0.735790328125
0 0.1676245888671875 0.8331004833984375 0.080359353515625 0.7973154580078124 0.0747090859375 0.81112722265625 0.163857744140625 0.84314540234375 0.1676245888671875 0.8331004833984375
0 0.4777614677734375 0.8475400546875 0.604578572265625 0.850679091796875 0.6008117275390625 0.8368673271484375 0.47713366015625 0.8349839052734375 0.4777614677734375 0.8475400546875
0 0.08579984375 0.3788339853515625 0.0013556259765625 0.3306986640625 0 0.3433299931640625 0.080349095703125 0.3911828935546875 0.08579984375 0.3788339853515625
0 0.0210051455078125 0.2481819775390625 0.0036150029296875 0.178942662109375 0 0.1969011796875 0.012546603515625 0.2481819775390625 0.0210051455078125 0.2481819775390625
0 0 0.7498872412109375 0.03438489453125 0.761417125 0.037117328125 0.749551865234375 0 0.73746066796875 0 0.7498872412109375
0 0.039747384765625 0.81484080078125 0.0009319931640625 0.7845686787109375 0 0.7996217783203124 0.02894473828125 0.82575288671875 0.039747384765625 0.81484080078125
0 0.8938095595703125 0.8468145166015625 0.8945438564453125 0.8577866162109375 0.9877255087890625 0.872624369140625 0.9877255087890625 0.86340681640625 0.8938095595703125 0.8468145166015625