0 0.2118389423828125 0.5521334130859376 0.3170072119140625 0.51532451953125 0.314002404296875 0.50555889453125 0.2043269228515625 0.54462139453125 0.2118389423828125 0.5521334130859376
0 0.2741887021484375 0.5205829326171875 0.27569110546875 0.528846154296875 0.3560697119140625 0.4424579326171875 0.35907451953125 0.4447115380859375 0.3485576923828125 0.4364483173828125 0.2741887021484375 0.5205829326171875
0 0.35381610546875 0.556640625 0.38311298046875 0.455228365234375 0.374849759765625 0.4522235576171875 0.3485576923828125 0.550631009765625 0.35381610546875 0.556640625
0 0.12469951953125 0.552884615234375 0.037560095703125 0.4927884619140625 0.0300480771484375 0.4972956728515625 0.1179387021484375 0.55438701953125 0.12469951953125 0.552884615234375
0 0.187049279296875 0.47100360546875 0.3034855771484375 0.4792668271484375 0.302734375 0.4717548076171875 0.1847956728515625 0.464993990234375 0.187049279296875 0.47100360546875
0 0.19756610546875 0.6768329326171875 0.1359675478515625 0.5829326923828125 0.128455529296875 0.5829326923828125 0.18780048046875 0.6828425478515625 0.19756610546875 0.6768329326171875
0 0.25615985546875 0.7376802880859376 0.189302884765625 0.625 0.1847956728515625 0.634765625 0.24639423046875 0.7451923076171875 0.25615985546875 0.7376802880859376
0 0.259915865234375 0.7038762021484375 0.1810396630859375 0.6107271630859376 0.1705228369140625 0.6122295673828125 0.2493990380859375 0.7061298076171875 0.259915865234375 0.7038762021484375
0 0.103665865234375 0.7662259619140624 0.001502404296875 0.6978665869140624 0 0.7061298076171875 0.09540264453125 0.771484375 0.103665865234375 0.7662259619140624
0 0.0443209130859375 0.76923076953125 0.001502404296875 0.750450720703125 0 0.7564603369140624 0.0390625 0.7722355771484375 0.0443209130859375 0.76923076953125
0 0.0443209130859375 0.824068509765625 0.001502404296875 0.78876201953125 0 0.7977764423828125 0.0383112978515625 0.82782451953125 0.0443209130859375 0.824068509765625
0 0.535606970703125 0.9187199521484375 0.63701923046875 0.9172175478515625 0.63701923046875 0.91045673046875 0.535606970703125 0.9127103369140624 0.535606970703125 0.9187199521484375
0 0.816556490234375 0.84209735546875 0.8112980771484375 0.8428485576171875 0.921724759765625 0.8368389423828125 0.919471154296875 0.8308293271484375 0.8097956728515625 0.8330829326171875 0.816556490234375 0.84209735546875
0 0.185546875 0.0713641826171875 0.277193509765625 0.0150240380859375 0.2726862978515625 0.0105168271484375 0.179537259765625 0.064603365234375 0.185546875 0.0713641826171875
0 0.277193509765625 0.0676081728515625 0.3057391826171875 0.001502404296875 0.2974759619140625 0.001502404296875 0.263671875 0.0653545673828125 0.277193509765625 0.068359375 0.277193509765625 0.0676081728515625
0 0.187049279296875 0.0540865380859375 0.0713641826171875 0.09540264453125 0.072115384765625 0.1044170673828125 0.187049279296875 0.0540865380859375
0 0.0300480771484375 0.3756009619140625 0.001502404296875 0.2899639423828125 0.0007512021484375 0.304236779296875 0.025540865234375 0.380859375 0.0300480771484375 0.3756009619140625
0 0.042818509765625 0.392127404296875 0.0142728369140625 0.301231970703125 0.006009615234375 0.2982271630859375 0.035306490234375 0.396634615234375 0.042818509765625 0.392127404296875
0 0.025540865234375 0.406400240234375 0.0225360576171875 0.398888220703125 0.001502404296875 0.4154146630859375 0.025540865234375 0.406400240234375
0 0.0225360576171875 0.3958834130859375 0.00225360546875 0.390625 0 0.39813701953125 0.021033654296875 0.40264423046875 0.0225360576171875 0.3958834130859375
0 0.37334735546875 0.5949519228515625 0.3913762021484375 0.4830228369140625 0.3838641826171875 0.4815204326171875 0.361328125 0.5949519228515625 0.37334735546875 0.5949519228515625
0 0.390625 0.689603365234375 0.3801081728515625 0.5611478369140624 0.3703425478515625 0.56640625 0.3838641826171875 0.6978665869140624 0.390625 0.689603365234375