0 0.0707637451171875 0.0837440771484375 0.1905177763671875 0.03098530859375 0.1771187236328125 0.0226109013671875 0.0611331767578125 0.072438626953125 0.0707637451171875 0.0837440771484375
0 0.18088720703125 0.041453318359375 0.1859118515625 0.0481528447265625 0.2700746494140625 0.0016748818359375 0.259187919921875 0 0.18088720703125 0.041453318359375
0 0.2914293896484375 0 0.26672488671875 0.0510838876953125 0.2730056923828125 0.0531774892578125 0.2998037978515625 0 0.2914293896484375 0
0 0.0100492890625 0.2759367353515625 0.0016748818359375 0.282217541015625 0.0318227490234375 0.37056754296875 0.04103459765625 0.3688926611328125 0.0100492890625 0.2759367353515625
0 0.0272168251953125 0.354237447265625 0.0020936015625 0.2780303369140625 0 0.2918481103515625 0.0221921806640625 0.3529812861328125 0.0272168251953125 0.354237447265625
0 0.0167488154296875 0.4727353173828125 0.1105421826171875 0.533031052734375 0.1130545048828125 0.5250753662109375 0.026379384765625 0.4651983505859375 0.0167488154296875 0.4727353173828125
0 0.3044097216796875 0.453892900390625 0.1825620888671875 0.4442623310546875 0.1839739619140625 0.45520434765625 0.3069220439453125 0.458917544921875 0.3044097216796875 0.453892900390625
0 0.3534000068359375 0.4216514296875 0.3513064052734375 0.419557828125 0.27174953125 0.502883185546875 0.282217541015625 0.50455806640625 0.357168490234375 0.4283509560546875 0.3534000068359375 0.4216514296875
0 0.2034981083984375 0.5192132802734375 0.207266591796875 0.530937451171875 0.318227494140625 0.4911590146484375 0.3144590107421875 0.4832033271484375 0.2034981083984375 0.5192132802734375
0 0.3827104345703125 0.43044455859375 0.3404196748046875 0.533868494140625 0.34670048046875 0.5347059345703125 0.3894099599609375 0.43463176171875 0.3827104345703125 0.43044455859375
0 0.3927597236328125 0.461011146484375 0.3827104345703125 0.4593362646484375 0.36470545703125 0.5711346083984375 0.3743360263671875 0.5711346083984375 0.3927597236328125 0.461011146484375
0 0.37056754296875 0.556898115234375 0.3827104345703125 0.6779083076171875 0.3915035625 0.6753959853515625 0.3822917138671875 0.5573168359375 0.37056754296875 0.556898115234375
0 0.158276306640625 0.58244005859375 0.2374144599609375 0.6774895869140625 0.2452907900390625 0.67186363671875 0.1649758330078125 0.574903091796875 0.158276306640625 0.58244005859375
0 0.235320857421875 0.7109872177734375 0.1829808095703125 0.6012824765625 0.1725127998046875 0.60630712109375 0.228202611328125 0.7130808193359375 0.235320857421875 0.7109872177734375
0 0.10886730078125 0.5430803427734375 0.171256638671875 0.64441067578125 0.1796310458984375 0.644829396484375 0.121428912109375 0.5397305791015625 0.10886730078125 0.5430803427734375
0 0 0.7001004873046875 0.080394314453125 0.7532779765625 0.0862563994140625 0.748672052734375 0.0012561611328125 0.6883763173828125 0 0.7001004873046875
0 0.4107647001953125 0.9128104443359375 0.522981763671875 0.9169976484375 0.5225630439453125 0.9102981220703125 0.412020861328125 0.9048547568359375 0.4107647001953125 0.9128104443359375
0 0.69214480078125 0.8533521494140625 0.6925635205078124 0.8504211064453125 0.8072929072265626 0.84204669921875 0.808549068359375 0.8278102060546875 0.69214480078125 0.8370220546875 0.69214480078125 0.8533521494140625
0 0 0.74900919140625 0.045199685546875 0.77744486328125 0.047710982421875 0.767686048828125 0 0.7408254453125 0 0.74900919140625
0 0 0.7996206494140625 0.0459890546875 0.840579765625 0.05469782421875 0.827120091796875 0 0.7866970126953124 0 0.7996206494140625
0 0 0.369469150390625 0.0206521181640625 0.3793454521484375 0.0206521181640625 0.3685843212890625 0 0.364468583984375 0 0.369469150390625