0 0.0802176337890625 0.288783482421875 0.0418526787109375 0.186244419921875 0.0355747763671875 0.1890345986328125 0.0746372763671875 0.2915736611328125 0.0802176337890625 0.288783482421875
0 0.1576450888671875 0.234375 0.2845982138671875 0.258091517578125 0.2866908486328125 0.248325892578125 0.1583426337890625 0.225306919921875 0.1576450888671875 0.234375
0 0.179966517578125 0.2797154013671875 0.1820591513671875 0.2797154013671875 0.2950613837890625 0.2762276787109375 0.29296875 0.2706473212890625 0.181361607421875 0.2734375 0.179966517578125 0.2797154013671875
0 0.2518136162109375 0.287388392578125 0.3648158486328125 0.293666294921875 0.3648158486328125 0.2859933037109375 0.2525111611328125 0.2797154013671875 0.2518136162109375 0.287388392578125
0 0.0613839287109375 0.233677455078125 0.0027901787109375 0.2001953125 0 0.2078683037109375 0.057896205078125 0.2406529013671875 0.0613839287109375 0.233677455078125
0 0.1681082587890625 0.3599330361328125 0.0892857138671875 0.274135044921875 0.083705357421875 0.2769252236328125 0.1611328125 0.3641183037109375 0.1681082587890625 0.3599330361328125
0 0.1332310263671875 0.4024832587890625 0.106724330078125 0.2852957587890625 0.096958705078125 0.2797154013671875 0.1255580361328125 0.4024832587890625 0.1332310263671875 0.4024832587890625
0 0.2064732138671875 0.502232142578125 0.1388113837890625 0.4234095986328125 0.1339285712890625 0.4275948662109375 0.2029854912109375 0.5064174111328125 0.2064732138671875 0.502232142578125
0 0.1681082587890625 0.5698939736328125 0.1743861611328125 0.5650111611328125 0.1123046875 0.487583705078125 0.113002232421875 0.4868861611328125 0.107421875 0.4896763388671875 0.1681082587890625 0.5698939736328125
0 0.1953125 0.6263950888671875 0.2071707587890625 0.6298828125 0.194614955078125 0.5196707587890625 0.1953125 0.518275669921875 0.184849330078125 0.517578125 0.1953125 0.6263950888671875
0 0.3829520087890625 0.5238560263671875 0.3794642861328125 0.404575892578125 0.37109375 0.4052734375 0.3773716513671875 0.5245535712890625 0.3829520087890625 0.5238560263671875
0 0.3341238837890625 0.2608816962890625 0.391322544921875 0.239955357421875 0.3892299111328125 0.230189732421875 0.3257533486328125 0.254603794921875 0.3341238837890625 0.2608816962890625
0 0.3662109375 0.322963169921875 0.3927176337890625 0.2587890625 0.3871372763671875 0.25390625 0.3543526787109375 0.3257533486328125 0.3662109375 0.322963169921875
0 0.404575892578125 0.7645089287109375 0.3599330361328125 0.653599330078125 0.350864955078125 0.6556919638671875 0.3969029013671875 0.7652064736328125 0.404575892578125 0.7645089287109375
0 0.2797154013671875 0.7896205361328125 0.204380580078125 0.7066127236328125 0.1939174111328125 0.7059151787109375 0.2748325888671875 0.7931082587890625 0.2797154013671875 0.7896205361328125
0 0.0013950888671875 0.7386997763671875 0.0216238837890625 0.7491629462890625 0.025111607421875 0.7386997763671875 0.0020926337890625 0.7303292412109375 0.0013950888671875 0.7386997763671875
0 0.023716517578125 0.8084542412109375 0.0020926337890625 0.790318080078125 0.0013950888671875 0.796595982421875 0.0209263388671875 0.8133370537109375 0.023716517578125 0.8084542412109375
0 0.0125558037109375 0.702427455078125 0.0013950888671875 0.6947544638671875 0 0.7017299111328125 0.010463169921875 0.7101004462890625 0.0125558037109375 0.702427455078125
0 0.3194754462890625 0.8189174111328125 0.425502232421875 0.8677455361328125 0.4248046875 0.8572823662109375 0.322963169921875 0.8133370537109375 0.3194754462890625 0.8189174111328125