0 0.20256987890625 0.4232505693359375 0.2380455517578125 0.352146900390625 0.2238740205078125 0.3447763876953125 0.194329314453125 0.411845142578125 0.20256987890625 0.4232505693359375
0 0.298023181640625 0.383027396484375 0.220480609375 0.409460798828125 0.2208969892578125 0.4196626611328125 0.297002 0.397630966796875 0.298023181640625 0.383027396484375
0 0.2560581904296875 0.272274271484375 0.254577765625 0.3823053876953125 0.26654187109375 0.3889308271484375 0.2684094228515625 0.2754503076171875 0.2560581904296875 0.272274271484375
0 0.2855553994140625 0.0927901513671875 0.1795871005859375 0.049117359375 0.1661972431640625 0.0548029375 0.275299939453125 0.10212087890625 0.2855553994140625 0.0927901513671875
0 0.391024916015625 0.151674037109375 0.274082376953125 0.1195328271484375 0.263304517578125 0.1282560302734375 0.383145796875 0.1674124443359375 0.391024916015625 0.151674037109375
0 0.2371498974609375 0.3164862314453125 0.2212576494140625 0.204472115234375 0.2112260390625 0.202523478515625 0.2250286875 0.3121074951171875 0.2371498974609375 0.3164862314453125
0 0.2483559453125 0.3258742001953125 0.2633715234375 0.2000014951171875 0.253339912109375 0.198052857421875 0.2430141220703125 0.3214839794921875 0.2483559453125 0.3258742001953125
0 0.3498852490234375 0.190681974609375 0.2678803251953125 0.1032098662109375 0.2570631904296875 0.112494744140625 0.336978515625 0.1975367529296875 0.3498852490234375 0.190681974609375
0 0.484471544921875 0.245164060546875 0.4084093974609375 0.16156634765625 0.4013668876953125 0.173418873046875 0.476894826171875 0.2484997509765625 0.484471544921875 0.245164060546875
0 0.552858390625 0.2123344638671875 0.4740900361328125 0.1432027734375 0.466199107421875 0.15103187109375 0.5410750087890625 0.2192809404296875 0.552858390625 0.2123344638671875
0 0.5023396728515624 0.4177818251953125 0.374788189453125 0.4000264248046875 0.3654597001953125 0.412257228515625 0.4998691220703125 0.4288777919921875 0.5023396728515624 0.4177818251953125
0 0.716715244140625 0.446013904296875 0.623704763671875 0.40283396875 0.608028927734375 0.4088978251953125 0.7024887783203125 0.45558536328125 0.716715244140625 0.446013904296875
0 0.6047487119140625 0.253852435546875 0.6054556826171875 0.2437422724609375 0.487884724609375 0.2205878740234375 0.483336384765625 0.2371630517578125 0.6047487119140625 0.253852435546875
0 0.766633271484375 0.3218604970703125 0.683308615234375 0.237105068359375 0.6720476328125 0.2446590703125 0.753047033203125 0.330354453125 0.766633271484375 0.3218604970703125
0 0.8405706552734376 0.4600783056640625 0.7742297587890625 0.35863303125 0.7672147158203125 0.3620145712890625 0.825012646484375 0.4644571357421875 0.8405706552734376 0.4600783056640625
0 0.7666343173828125 0.644973001953125 0.7679732958984375 0.5208082939453125 0.7567397802734375 0.519891310546875 0.7584448388671875 0.6409152099609375 0.7666343173828125 0.644973001953125
0 0.229329716796875 0.077127841796875 0.2040812646484375 0.0166590078125 0.186712646484375 0.0152412197265625 0.2178176982421875 0.0778257265625 0.229329716796875 0.077127841796875
0 0.730377736328125 0.0623495498046875 0.7393354169921875 0.0903741328125 0.746770958984375 0.085522416015625 0.7359952001953125 0.06007876171875 0.730377736328125 0.0623495498046875
0 0.7869775625 0.064786283203125 0.806600857421875 0.0964108310546875 0.8124840009765625 0.090340658203125 0.7978709033203125 0.065129630859375 0.7869775625 0.064786283203125
0 0.75344435546875 0.88967466796875 0.7328846298828126 0.8879963916015625 0.7220980986328125 0.98778063671875 0.7333957607421875 0.99740899609375 0.75344435546875 0.88967466796875