0 0.3308270263671875 0.2611792314453125 0.4044065517578125 0.230848740234375 0.3937347119140625 0.221861927734375 0.3246485927734375 0.2465756611328125 0.3308270263671875 0.2611792314453125
0 0.3892413056640625 0.2476990126953125 0.356664111328125 0.3229635654296875 0.371267681640625 0.3229635654296875 0.3993514697265625 0.2488223642578125 0.3892413056640625 0.2476990126953125
0 0.359472490234375 0.27971453125 0.2499457158203125 0.27353609765625 0.2521012255859375 0.2860380576171875 0.365089248046875 0.2920713984375 0.359472490234375 0.27971453125
0 0.0342622216796875 0.1819829482421875 0.069086119140625 0.29038637109375 0.079196283203125 0.2808378828125 0.0410023310546875 0.1690644052734375 0.0342622216796875 0.1819829482421875
0 0.0966082314453125 0.2808378828125 0.1190752626953125 0.3993514697265625 0.135363859375 0.3926113603515625 0.1061567197265625 0.27072771875 0.0966082314453125 0.2808378828125
0 0.1853530029296875 0.2342187939453125 0.295441453125 0.2578091767578125 0.2920713984375 0.2454523095703125 0.1842296513671875 0.224108630859375 0.1853530029296875 0.2342187939453125
0 0.1774895419921875 0.27578280078125 0.3038665888671875 0.2696043671875 0.299934859375 0.2639876103515625 0.1763661904296875 0.2656726376953125 0.1774895419921875 0.27578280078125
0 0.080881310546875 0.27353609765625 0.1612009443359375 0.361157517578125 0.1690644052734375 0.348800650390625 0.0909914736328125 0.2634259345703125 0.080881310546875 0.27353609765625
0 0.1275003984375 0.41732509375 0.204449978515625 0.498768080078125 0.208381708984375 0.491466294921875 0.139857265625 0.41114666015625 0.1275003984375 0.41732509375
0 0.1039100166015625 0.4813561318359375 0.1662560263671875 0.56448414453125 0.1741194873046875 0.5532506298828125 0.1123351533203125 0.4740543466796875 0.1039100166015625 0.4813561318359375
0 0.367335951171875 0.4004748212890625 0.374637736328125 0.5285368955078125 0.3858712509765625 0.5268518681640625 0.3802544931640625 0.3920496845703125 0.367335951171875 0.4004748212890625
0 0.349924001953125 0.648173833984375 0.3853095751953125 0.7436587138671875 0.3959814150390625 0.73017849609375 0.357225787109375 0.633008587890625 0.349924001953125 0.648173833984375
0 0.1932164638671875 0.6189666943359375 0.203326626953125 0.6189666943359375 0.196586517578125 0.497083052734375 0.1797362451171875 0.500453107421875 0.1932164638671875 0.6189666943359375
0 0.1802979208984375 0.6959162744140625 0.2578091767578125 0.784661044921875 0.2673576650390625 0.771742501953125 0.1887230576171875 0.6852444345703125 0.1802979208984375 0.6959162744140625
0 0.29375642578125 0.794771208984375 0.3892413056640625 0.86778905859375 0.3948580634765625 0.8526238125 0.29768815625 0.788031099609375 0.29375642578125 0.794771208984375
0 0.4555190458984375 0.799826291015625 0.57908771484375 0.8071280751953125 0.57571766015625 0.798702939453125 0.4555190458984375 0.788592775390625 0.4555190458984375 0.799826291015625
0 0 0.2040812646484375 0.0580763173828125 0.23339080859375 0.059704625 0.22199265234375 0 0.186712646484375 0 0.2040812646484375
0 0.0298523125 0.7414228935546875 0.0027138466796875 0.7305675068359375 0 0.7359952001953125 0.024424619140625 0.74847889453125 0.0298523125 0.7414228935546875
0 0.03039508203125 0.8087262890625 0.00054276953125 0.7870155166015625 0 0.7978709033203125 0.0238818505859375 0.814153982421875 0.03039508203125 0.8087262890625
0 0.8234711083984375 0.7904673388671875 0.8234711083984375 0.811027064453125 0.9322212353515625 0.79858301953125 0.9235645087890625 0.7866800205078125 0.8234711083984375 0.7904673388671875