0 0 0.2444295068359375 0.025729421875 0.315614240234375 0.0343058955078125 0.3138989453125 0 0.2234171455078125 0 0.2444295068359375
0 0.30060541015625 0.404809568359375 0.174531244140625 0.3880854443359375 0.174531244140625 0.40352309765625 0.29760364453125 0.41295721875 0.30060541015625 0.404809568359375
0 0.35549484375 0.3820819130859375 0.2632977490234375 0.4502648798828125 0.2684436337890625 0.462700767578125 0.361498375 0.3902295625 0.35549484375 0.3820819130859375
0 0 0.4060960400390625 0.084478267578125 0.4631295908203125 0.0921970947265625 0.4502648798828125 0.0008576474609375 0.3915160341796875 0 0.4060960400390625
0 0.08019003125 0.4575548828125 0.126074166015625 0.55661315625 0.142798291015625 0.558757275390625 0.088337681640625 0.449836056640625 0.08019003125 0.4575548828125
0 0.19511478125 0.468704298828125 0.31347012109375 0.439973111328125 0.3108971787109375 0.4313966376953125 0.18868242578125 0.4588413544921875 0.19511478125 0.468704298828125
0 0.379508970703125 0.372647791015625 0.3336248349609375 0.4682754755859375 0.3413436611328125 0.478567244140625 0.3932313291015625 0.3786513232421875 0.379508970703125 0.372647791015625
0 0.391944857421875 0.4043807451171875 0.38379720703125 0.404809568359375 0.3645001416015625 0.50558313671875 0.3743630859375 0.5094425498046875 0.391944857421875 0.4043807451171875
0 0.3820819130859375 0.5193054951171875 0.3816530888671875 0.5193054951171875 0.370074849609375 0.51844784765625 0.3786513232421875 0.6436643671875 0.3902295625 0.6436643671875 0.3820819130859375 0.5193054951171875
0 0.2118389052734375 0.60163964453125 0.2204153798828125 0.593920818359375 0.13765240625 0.49915078125 0.129504755859375 0.5064407841796875 0.2118389052734375 0.60163964453125
0 0.1899688974609375 0.6380896591796875 0.1976877236328125 0.633801421875 0.1603800625 0.5227360849609375 0.1462288798828125 0.526166673828125 0.1899688974609375 0.6380896591796875
0 0 0.6796855576171875 0.0385941328125 0.7067014501953125 0.0471706064453125 0.7002690947265625 0 0.662532609375 0 0.6796855576171875
0 0 0.8040444287109375 0.036878837890625 0.8263432607421874 0.0390229560546875 0.8151938447265625 0 0.7830320673828125 0 0.8040444287109375
0 0.1925418388671875 0.86708151171875 0.29460187890625 0.8936685810546875 0.295888349609375 0.8829479892578125 0.196830076171875 0.859362685546875 0.1925418388671875 0.86708151171875
0 0.37093249609375 0.8297738505859374 0.4901454833984375 0.846497974609375 0.4854284228515625 0.8314891455078125 0.3752207333984375 0.8199109052734375 0.37093249609375 0.8297738505859374
0 0.65610025390625 0.8473556220703125 0.54117550390625 0.8490709169921875 0.5420331513671875 0.8602203330078125 0.6569579013671875 0.8572185673828125 0.65610025390625 0.8473556220703125
0 0.8550744482421875 0.843496208984375 0.9399815400390625 0.8447826796875 0.937837421875 0.834062087890625 0.8555032724609375 0.834062087890625 0.8550744482421875 0.843496208984375
0 0.019041947265625 0.7521694716796875 0.0021427421875 0.7421030478515624 0.000546845703125 0.7489999990234375 0.01857322265625 0.7574342568359375 0.019041947265625 0.7521694716796875