0 0.0398053046875 0.2750724765625 0.081987044921875 0.383794427734375 0.0926810078125 0.3802297734375 0.0516874853515625 0.2703196044921875 0.0398053046875 0.2750724765625
0 0.16337998046875 0.29527218359375 0.292895748046875 0.3130954541015625 0.2940839658203125 0.3024014921875 0.167538744140625 0.2810135673828125 0.16337998046875 0.29527218359375
0 0.180015033203125 0.34874199609375 0.3035897099609375 0.33567159765625 0.298242728515625 0.3202247626953125 0.17763859765625 0.33567159765625 0.180015033203125 0.34874199609375
0 0.2536845517578125 0.33507748828125 0.25546687890625 0.34814788671875 0.363594720703125 0.3291363974609375 0.3653770478515625 0.318442435546875 0.2536845517578125 0.33507748828125
0 0.3202247626953125 0.3332951611328125 0.3362657060546875 0.3433950146484375 0.40102358984375 0.28160767578125 0.3921119541015625 0.2762606953125 0.3202247626953125 0.3332951611328125
0 0.3849826455078125 0.29527218359375 0.3600300673828125 0.390329626953125 0.3719122470703125 0.39389428125 0.3986471533203125 0.29527218359375 0.3849826455078125 0.29527218359375
0 0.367753484375 0.446175875 0.37369457421875 0.568562333984375 0.3861708642578125 0.5667800068359375 0.3820121005859375 0.43964067578125 0.367753484375 0.446175875
0 0.095057443359375 0.36062417578125 0.174073943359375 0.4509287470703125 0.1823914697265625 0.429540822265625 0.105157296875 0.34874199609375 0.095057443359375 0.36062417578125
0 0.108127841796875 0.367753484375 0.1402097294921875 0.4841988525390625 0.1532801279296875 0.4865752890625 0.121792349609375 0.3659711572265625 0.108127841796875 0.367753484375
0 0.16456819921875 0.5364804462890626 0.23586128125 0.6214380361328125 0.2406141533203125 0.61074407421875 0.1705092890625 0.5275688115234375 0.16456819921875 0.5364804462890626
0 0.2346730634765625 0.67669017578125 0.288736984375 0.78065925390625 0.3006191650390625 0.76818296484375 0.2471493525390625 0.6654021044921875 0.2346730634765625 0.67669017578125
0 0.1491213642578125 0.606585310546875 0.206749939453125 0.672531412109375 0.21744390234375 0.6695608671875 0.1598153271484375 0.5964854580078125 0.1491213642578125 0.606585310546875
0 0 0.7408539501953125 0.0701048642578125 0.78125336328125 0.0807988271484375 0.7788769267578125 0.00594108984375 0.731348205078125 0 0.7408539501953125
0 0.7462009306640625 0.8091764873046875 0.87274615234375 0.8062059423828125 0.8721520439453125 0.79432376171875 0.7491714765625 0.79372965234375 0.7462009306640625 0.8091764873046875
0 0.8531405546875 0.8584875361328125 0.736101078125 0.8454171376953125 0.7301599873046875 0.86026986328125 0.843634810546875 0.8751225888671875 0.8531405546875 0.8584875361328125
0 0.5002397958984375 0.869181498046875 0.6279732353515625 0.8715579345703125 0.6261909091796874 0.8578934267578125 0.5038044501953125 0.8555169912109375 0.5002397958984375 0.869181498046875
0 0 0.7995582333984375 0.0279103671875 0.8212976767578125 0.03327991796875 0.812595544921875 0 0.787166962890625 0 0.7995582333984375
0 0.06972246484375 0.3025854970703125 0.0023459443359375 0.267206001953125 0 0.27924759765625 0.0606253388671875 0.3175623896484375 0.06972246484375 0.3025854970703125
0 0.014947080078125 0.1851163076171875 0.00182080078125 0.1367206064453125 0.000291236328125 0.1525597421875 0.0065791923828125 0.1851163076171875 0.014947080078125 0.1851163076171875