0 0.002169685546875 0.2423372099609375 0.0001668984375 0.24400619921875 0.0001668984375 0.255689123046875 0.02653692578125 0.3378033837890625 0.0330459833984375 0.3358005966796875 0.002169685546875 0.2423372099609375
0 0 0.2715445185546875 0.0170236884765625 0.3152720322265625 0.0220306552734375 0.3132692451171875 0 0.2595277978515625 0 0.2715445185546875
0 0.006393927734375 0.432122923828125 0.097507392578125 0.491266751953125 0.102302837890625 0.481143033203125 0.009590890625 0.4214663779296875 0.006393927734375 0.432122923828125
0 0.177431484375 0.42572899609375 0.3047772041015625 0.433188578125 0.3031787216796875 0.4230648603515625 0.1715703837890625 0.41134266015625 0.177431484375 0.42572899609375
0 0.09111346484375 0.4880697880859375 0.14546184765625 0.590905453125 0.1518557744140625 0.590905453125 0.1033684921875 0.483807169921875 0.09111346484375 0.4880697880859375
0 0.200343056640625 0.4939308876953125 0.313835267578125 0.461428423828125 0.3106383037109375 0.4534360146484375 0.1939491298828125 0.483807169921875 0.200343056640625 0.4939308876953125
0 0.353264486328125 0.3985548046875 0.2674792939453125 0.4720849697265625 0.2786686669921875 0.4742162783203125 0.3575271044921875 0.4054815595703125 0.353264486328125 0.3985548046875
0 0.383102814453125 0.3985548046875 0.3378124951171875 0.4965950244140625 0.34740338671875 0.4992591611328125 0.3884310869140625 0.40121894140625 0.383102814453125 0.3985548046875
0 0.3847012958984375 0.42572899609375 0.364453859375 0.53389293359375 0.37191344140625 0.53922120703125 0.393759359375 0.4289259599609375 0.3847012958984375 0.42572899609375
0 0.38150433203125 0.5333601064453125 0.37191344140625 0.5349585888671875 0.3820371591796875 0.6564432080078125 0.3905623955078125 0.6548447265625 0.38150433203125 0.5333601064453125
0 0.139067919921875 0.5349585888671875 0.2232546298828125 0.6329988076171875 0.2312470390625 0.629269017578125 0.1481259833984375 0.52909748828125 0.139067919921875 0.5349585888671875
0 0.1555855654296875 0.5568045068359375 0.2019415390625 0.6750921630859374 0.2120652568359375 0.6692310634765625 0.1657092841796875 0.5546731982421875 0.1555855654296875 0.5568045068359375
0 0.2637495029296875 0.892485693359375 0.3713806142578125 0.9052735478515626 0.3708477861328125 0.896215484375 0.2653479853515625 0.87863218359375 0.2637495029296875 0.892485693359375
0 0.6148826806640625 0.8322762109375 0.5067187431640625 0.836006001953125 0.5051249619140625 0.8503500322265625 0.6196781259765625 0.8413342744140625 0.6148826806640625 0.8322762109375
0 0.6702967177734375 0.8599832294921875 0.7955111279296875 0.8525236474609375 0.7917813369140625 0.8413342744140625 0.6740265087890625 0.8487938564453125 0.6702967177734375 0.8599832294921875
0 0.070969291015625 0.045623115234375 0.1733678388671875 0.000506923828125 0.15917398046875 0.0010138466796875 0.0628585146484375 0.033963875 0.070969291015625 0.045623115234375
0 0 0.684963255859375 0.054757107421875 0.72535450390625 0.0587914892578125 0.714769134765625 0 0.6711219228515625 0 0.684963255859375
0 0.0480331376953125 0.764267037109375 0.002226443359375 0.74533669140625 0.0009151298828125 0.7524038349609375 0.0480331376953125 0.7717861650390625 0.0480331376953125 0.764267037109375
0 0 0.794770423828125 0.039397998046875 0.8284404921875 0.0436806923828125 0.82276836328125 0 0.7871006337890625 0 0.794770423828125
0 0.2740827236328125 0 0.26702305078125 0.0162280107421875 0.280751099609375 0.0210540224609375 0.2907292060546875 0 0.2740827236328125 0