0 0.7254452177734375 0.976864466796875 0.7534765283203125 0.887636189453125 0.7444207490234375 0.88502548828125 0.7168151494140625 0.978071791015625 0.7254452177734375 0.976864466796875
0 0.7567194404296875 0.942922734375 0.840895224609375 0.8812229140625 0.8356760751953125 0.869350921875 0.748410224609375 0.9339065224609375 0.7567194404296875 0.942922734375
0 0.9457916181640625 0.8350428427734375 0.9445150068359375 0.8192264169921875 0.8347150888671875 0.886934474609375 0.84568813671875 0.893639232421875 0.9457916181640625 0.8350428427734375
0 0.9354926923828125 0.5374252373046875 0.9724809775390625 0.60829951171875 0.973477091796875 0.586912537109375 0.941939943359375 0.5253752392578125 0.9354926923828125 0.5374252373046875
0 0.9497670966796875 0.55627028125 0.972909595703125 0.5990969130859375 0.973847208984375 0.5789659736328125 0.956959865234375 0.5465394755859375 0.9497670966796875 0.55627028125
0 0.9305511171875 0.4319677841796875 0.933375638671875 0.42236338671875 0.833817892578125 0.372311173828125 0.83120675 0.379462232421875 0.930444689453125 0.43101327734375 0.9305511171875 0.4319677841796875
0 0.6690890546875 0.4932652138671875 0.7918804921875 0.480933990234375 0.793585953125 0.4743943330078125 0.667545328125 0.4837872265625 0.6690890546875 0.4932652138671875
0 0.64650648046875 0.456679255859375 0.654922646484375 0.4622876240234375 0.761258431640625 0.40718162890625 0.7522574345703125 0.391961126953125 0.64650648046875 0.456679255859375
0 0.6796447587890625 0.4263543271484375 0.627532517578125 0.5354311826171875 0.6358422568359375 0.5400850419921875 0.6988743330078125 0.437235693359375 0.6796447587890625 0.4263543271484375
0 0.6102880693359375 0.4069752919921875 0.5934937861328125 0.5227439990234375 0.600898365234375 0.523646908203125 0.6243517099609375 0.40646191796875 0.6102880693359375 0.4069752919921875
0 0.59127344140625 0.3805535341796875 0.5850938291015625 0.381902744140625 0.5825770869140625 0.49034238671875 0.5946697216796875 0.4896200537109375 0.59127344140625 0.3805535341796875
0 0.583332017578125 0.4141392548828125 0.5976627734375 0.4072874462890625 0.57445104296875 0.28645212890625 0.5623041513671875 0.2954219111328125 0.583332017578125 0.4141392548828125
0 0.73123061328125 0.2645190791015625 0.8091031005859375 0.3471715537109375 0.820770546875 0.3382688447265625 0.7398617265625 0.2545870517578125 0.73123061328125 0.2645190791015625
0 0.926900271484375 0.224543271484375 0.9300983369140625 0.209554943359375 0.8259047041015625 0.1703299287109375 0.8233999892578125 0.1784354931640625 0.926900271484375 0.224543271484375
0 0.9473031669921875 0.224112447265625 0.8701187998046875 0.17820072265625 0.8621799912109375 0.1899746884765625 0.95140325390625 0.239049177734375 0.9473031669921875 0.224112447265625
0 0.6773216484375 0.2526728994140625 0.769471154296875 0.33235866015625 0.7779953173828125 0.3258344794921875 0.683768376953125 0.2449852529296875 0.6773216484375 0.2526728994140625
0 0.6684291708984375 0.220957498046875 0.7427331875 0.2978081240234375 0.7499786474609375 0.2929169228515625 0.67935162109375 0.2053732470703125 0.6684291708984375 0.220957498046875
0 0.2974620185546875 0.11241993359375 0.1949133115234375 0.1272509248046875 0.195658306640625 0.13393246875 0.299698572265625 0.1193775087890625 0.2974620185546875 0.11241993359375
0 0.9560783095703125 0.519222076171875 0.977035287109375 0.510516666015625 0.97787986328125 0.4923832685546875 0.9504023935546875 0.514083390625 0.9560783095703125 0.519222076171875
0 0.948983349609375 0.526211921875 0.9760710771484375 0.5312186240234374 0.976698947265625 0.51773801171875 0.948297337890625 0.5136875078125 0.948983349609375 0.526211921875
0 0.945668013671875 0.1832452099609375 0.90116750390625 0.1704461220703125 0.90084755078125 0.17900550390625 0.94743655859375 0.199106537109375 0.945668013671875 0.1832452099609375
0 0.941245111328125 0.143578076171875 0.8918234404296875 0.115341865234375 0.8870226572265625 0.12490416015625 0.9423851142578125 0.153802275390625 0.941245111328125 0.143578076171875
0 0 0.2389461279296875 0.0215190859375 0.2452526044921875 0.0202818076171875 0.2386545615234375 0 0.2311083515625 0 0.2389461279296875