0 0.213973326171875 0.31560198828125 0.3331486787109375 0.3317014462890625 0.3327194912109375 0.3274783134765625 0.215028099609375 0.3100281630859375 0.213973326171875 0.31560198828125
0 0.047253916015625 0.157566615234375 0.0602355087890625 0.21693483984375 0.0659246064453125 0.2140645263671875 0.0486661689453125 0.14639453125 0.047253916015625 0.157566615234375
0 0.114278658203125 0.3555917734375 0.0405699267578125 0.3060182744140625 0.03742326171875 0.3115187880859375 0.11261595703125 0.359741595703125 0.114278658203125 0.3555917734375
0 0.146642203125 0.450706673828125 0.15291787109375 0.4509266064453125 0.1129017255859375 0.3443219404296875 0.10453416796875 0.3440286982421875 0.146642203125 0.450706673828125
0 0.232991640625 0.49932047265625 0.1585668828125 0.4062382666015625 0.152943826171875 0.4067425546875 0.2257952529296875 0.502575015625 0.232991640625 0.49932047265625
0 0.229520681640625 0.3785668740234375 0.341910103515625 0.3586597392578125 0.3387364150390625 0.3536390771484375 0.2256943798828125 0.3728219912109375 0.229520681640625 0.3785668740234375
0 0.2983472685546875 0.3732640859375 0.400062115234375 0.323526216796875 0.3971118515625 0.3150066416015625 0.2893270986328125 0.372246623046875 0.2983472685546875 0.3732640859375
0 0.3750769052734375 0.3864733251953125 0.4305103720703125 0.3063582216796875 0.42306353515625 0.302590501953125 0.3640095322265625 0.38468276953125 0.3750769052734375 0.3864733251953125
0 0.4037471357421875 0.4190387685546875 0.4272390185546875 0.335700216796875 0.42127614453125 0.330581806640625 0.394637595703125 0.4194208701171875 0.4037471357421875 0.4190387685546875
0 0.4079070966796875 0.5727798974609375 0.409227841796875 0.4535969228515625 0.4009943388671875 0.4512043310546875 0.4015420576171875 0.573959529296875 0.4079070966796875 0.5727798974609375
0 0.2126911064453125 0.576458728515625 0.1781005498046875 0.42866463671875 0.1670331748046875 0.4268740810546875 0.1982983291015625 0.5829678154296875 0.2126911064453125 0.576458728515625
0 0.35872441015625 0.7520042138671875 0.282529921875 0.6756923544921875 0.2727677705078125 0.675350236328125 0.3499546904296875 0.758009013671875 0.35872441015625 0.7520042138671875
0 0.2251396884765625 0.8083400263671875 0.13771781640625 0.77652101171875 0.1345711513671875 0.7820215244140625 0.221295728515625 0.813816103515625 0.2251396884765625 0.8083400263671875
0 0.3608973740234375 0.7836410517578125 0.470203546875 0.8120189169921875 0.4720449873046875 0.8050699658203125 0.3585103515625 0.7772452607421875 0.3608973740234375 0.7836410517578125
0 0.667600794921875 0.80701383203125 0.7817786787109375 0.8138206220703125 0.7829228232421875 0.806847232421875 0.668744939453125 0.800040443359375 0.667600794921875 0.80701383203125