0 0.9403535322265625 0.16996175 0.932737376953125 0.1574939599609375 0.9300785 0.261076740234375 0.935590787109375 0.2634152705078125 0.9403535322265625 0.16996175
0 0.9352111708984375 0.2368447509765625 0.943087056640625 0.239629203125 0.9462426650390625 0.1919687392578125 0.941260703125 0.173939734375 0.9352111708984375 0.2368447509765625
0 0.910735953125 0.4277359091796875 0.982289564453125 0.3500133916015625 0.9724286396484375 0.34261928125 0.901968142578125 0.422883064453125 0.910735953125 0.4277359091796875
0 0.6950244287109375 0.412382650390625 0.8181273984375 0.3755104052734375 0.8123378798828125 0.364460875 0.693279177734375 0.40323772265625 0.6950244287109375 0.412382650390625
0 0.9140738095703125 0.4341568994140625 0.9020444658203125 0.42881749609375 0.879116197265625 0.542466923828125 0.8882529013671875 0.547240185546875 0.9140738095703125 0.4341568994140625
0 0.6914202880859375 0.438947400390625 0.810104154296875 0.4553963935546875 0.809686076171875 0.4439815185546875 0.6939847392578125 0.431253087890625 0.6914202880859375 0.438947400390625
0 0.74009142578125 0.4439197666015625 0.6384182509765625 0.3829381865234375 0.6284309697265625 0.3906469404296875 0.7303246337890625 0.44959732421875 0.74009142578125 0.4439197666015625
0 0.617467603515625 0.3934088251953125 0.6055459599609375 0.3983610751953125 0.6700142431640626 0.488792203125 0.6788812734375 0.4841022080078125 0.617467603515625 0.3934088251953125
0 0.6216865634765625 0.4242367734375 0.6106197373046875 0.426624251953125 0.653665017578125 0.5272311953125 0.667979810546875 0.5281102880859375 0.6216865634765625 0.4242367734375
0 0.66945707421875 0.6353044619140625 0.6814100947265626 0.634709435546875 0.6551677333984375 0.5213528408203125 0.6477898486328125 0.5229444921875 0.66945707421875 0.6353044619140625
0 0.826516119140625 0.5982478525390625 0.878663353515625 0.484245828125 0.8684784814453125 0.47850851171875 0.8129213076171875 0.5900723583984375 0.826516119140625 0.5982478525390625
0 0.839853974609375 0.6267118271484375 0.855068529296875 0.626603359375 0.8710149443359375 0.5089059765625 0.858576 0.51198619140625 0.839853974609375 0.6267118271484375
0 0.715890234375 0.8938711103515625 0.824768302734375 0.8592741904296874 0.8130764775390625 0.849497982421875 0.7165067548828125 0.886200302734375 0.715890234375 0.8938711103515625
0 0.4453576376953125 0.8824100283203125 0.55896348828125 0.86067859765625 0.552215693359375 0.8518194306640625 0.4409402373046875 0.8706677607421875 0.4453576376953125 0.8824100283203125
0 0.3907791025390625 0.9013254892578125 0.2744112109375 0.9173051591796875 0.279152560546875 0.927390634765625 0.3897936875 0.9090758779296875 0.3907791025390625 0.9013254892578125
0 0.13609932421875 0.952004775390625 0.1827022275390625 0.8865271923828125 0.1709070869140625 0.8835043759765625 0.13365254296875 0.9431502236328125 0.13609932421875 0.952004775390625