0 0.439811021484375 0.1478602255859375 0.53887660546875 0.0863901875 0.5295357578125 0.078909677734375 0.4277107587890625 0.138891953125 0.439811021484375 0.1478602255859375
0 0.5187275791015625 0.3640980419921875 0.614966314453125 0.4092282880859375 0.617395134765625 0.3993227783203125 0.52677305078125 0.3533386748046875 0.5187275791015625 0.3640980419921875
0 0.487969251953125 0.408190595703125 0.587419419921875 0.4127802744140625 0.5893219931640625 0.3991402548828125 0.489608703125 0.3926833212890625 0.487969251953125 0.408190595703125
0 0.3398583076171875 0.4427860205078125 0.460763068359375 0.4186840556640625 0.4578484775390625 0.407047853515625 0.33177572265625 0.43066396484375 0.3398583076171875 0.4427860205078125
0 0.5874126611328125 0.3765434521484375 0.527832265625 0.2794304482421875 0.518997423828125 0.2845880498046875 0.58009920703125 0.3789267626953125 0.5874126611328125 0.3765434521484375
0 0.57525841015625 0.3129087373046875 0.5767898818359375 0.188068576171875 0.5625340419921875 0.1864212685546875 0.5602806708984375 0.31518568359375 0.57525841015625 0.3129087373046875
0 0.5382526015625 0.3217131962890625 0.5445135634765625 0.3118608681640625 0.51560042578125 0.2107215146484375 0.50204624609375 0.214053552734375 0.5382526015625 0.3217131962890625
0 0.4704782783203125 0.1438338759765625 0.4538610888671875 0.1616180986328125 0.387206796875 0.2359619521484375 0.3998434228515625 0.24421293359375 0.47766355078125 0.1586353486328125 0.4704782783203125 0.1438338759765625
0 0.34945209375 0.2213574462890625 0.4646254990234375 0.1701536982421875 0.4616232001953125 0.1578950791015625 0.3433395517578125 0.205121390625 0.34945209375 0.2213574462890625
0 0.1972560380859375 0.367194703125 0.26856219921875 0.285150392578125 0.260381787109375 0.2768577197265625 0.1853311904296875 0.3594712666015625 0.1972560380859375 0.367194703125
0 0.1199655185546875 0.415818173828125 0.127181146484375 0.417264244140625 0.18630945703125 0.321177443359375 0.170991005859375 0.31651291796875 0.1199655185546875 0.415818173828125
0 0.08756427734375 0.1632644189453125 0.0681910703125 0.2564863251953125 0.0787024755859375 0.258702869140625 0.1020832412109375 0.1667789814453125 0.08756427734375 0.1632644189453125
0 0.1354763291015625 0.6887406953125 0.12007013671875 0.5658396826171875 0.10767639453125 0.568359556640625 0.12227298046875 0.69456240625 0.1354763291015625 0.6887406953125
0 0.5188351171875 0.1089328095703125 0.5456138193359376 0.041344142578125 0.532988330078125 0.0403874404296875 0.5057981806640625 0.105394990234375 0.5188351171875 0.1089328095703125
0 0.138002712890625 0.079942203125 0.13134515625 0.1157743017578125 0.1435215595703125 0.116690228515625 0.150355357421875 0.0780643271484375 0.138002712890625 0.079942203125
0 0.088564060546875 0.0874579716796875 0.06663212890625 0.1201031171875 0.0789884775390625 0.1291640224609375 0.10365780859375 0.08610717578125 0.088564060546875 0.0874579716796875
0 0.16584158984375 1 0.166521498046875 0.98072658203125 0.155717259765625 0.983112654296875 0.1554082314453125 1 0.16584158984375 1