0 0.5631285322265625 0.32388519921875 0.5698779970703125 0.3237672060546875 0.598432130859375 0.2164179345703125 0.59993201171875 0.21639171484375 0.5936172001953125 0.2134922470703125 0.5631285322265625 0.32388519921875
0 0.5301334140625 0.3101651689453125 0.5146009658203125 0.1907946943359375 0.505088205078125 0.1932183916015625 0.52338394921875 0.3102831611328125 0.5301334140625 0.3101651689453125
0 0.4912873583984375 0.3552397275390625 0.5795934736328126 0.2874790205078125 0.5802668564453125 0.2724179404296875 0.4864341484375 0.3447900537109375 0.4912873583984375 0.3552397275390625
0 0.5285166494140625 0.051345314453125 0.5977340546875 0.1381737314453125 0.6026683525390625 0.135077609375 0.5362930634765625 0.046694576171875 0.5285166494140625 0.051345314453125
0 0.1017395751953125 0.1942499130859375 0.138820064453125 0.08223679296875 0.1317553115234375 0.079350435546875 0.0921885361328125 0.189149623046875 0.1017395751953125 0.1942499130859375
0 0.06628059765625 0.2859181181640625 0.0691227158203125 0.284363501953125 0.1149232177734375 0.1910095771484375 0.1065950498046875 0.190402703125 0.0618214970703125 0.2792238818359375 0.06628059765625 0.2859181181640625
0 0.108910107421875 0.2768957587890625 0.0275183125 0.3145357509765625 0.028146169921875 0.321712197265625 0.1213032646484375 0.280441431640625 0.108910107421875 0.2768957587890625
0 0.3070545263671875 0.010068935546875 0.4012654931640625 0.0415304423828125 0.4063191552734375 0.032412509765625 0.31483094140625 0.005418197265625 0.3070545263671875 0.010068935546875
0 0.326906546875 0.0202564033203125 0.42028875 0.0509799326171875 0.423171412109375 0.04265241796875 0.329433376953125 0.0156974375 0.326906546875 0.0202564033203125
0 0.436039765625 0.0364077333984375 0.4469781142578125 0.004612962890625 0.441057412109375 0.0054689326171875 0.435053359375 0.0341675810546875 0.436039765625 0.0364077333984375
0 0.4129155048828125 0.0021985751953125 0.4322112412109375 0.035722197265625 0.4343034189453125 0.03418069140625 0.4233358486328125 0.0012639443359375 0.4129155048828125 0.0021985751953125
0 0.648489015625 0.163622736328125 0.7527982470703125 0.2340359111328125 0.7559961943359375 0.22871274609375 0.65227926171875 0.156784287109375 0.648489015625 0.163622736328125
0 0.7062253759765625 0.21980077734375 0.806154330078125 0.2842708037109375 0.807181279296875 0.27973805859375 0.7106867412109374 0.212198130859375 0.7062253759765625 0.21980077734375
0 0.671178625 0.2008493544921875 0.7641193828125 0.2774809931640625 0.773789787109375 0.27655947265625 0.680889572265625 0.193154935546875 0.671178625 0.2008493544921875
0 0.6239434775390625 0.3807618876953125 0.7390379423828125 0.3892843486328125 0.7494200078125 0.380825732421875 0.6296682578125 0.3708797568359375 0.6239434775390625 0.3807618876953125
0 0.513229291015625 0.3781825732421875 0.521832203125 0.3885666962890625 0.62576317578125 0.35514625 0.619883015625 0.3492293212890625 0.513229291015625 0.3781825732421875
0 0.5503299423828125 0.3880685048828125 0.657217869140625 0.3756653994140625 0.6468380673828125 0.3698271328125 0.543028724609375 0.382928884765625 0.5503299423828125 0.3880685048828125
0 0.7026351650390625 0 0.777963037109375 0.094389876953125 0.7848318671875 0.0882500732421875 0.709946041015625 0 0.7026351650390625 0
0 0.729345326171875 0.032032701171875 0.797652884765625 0.131668935546875 0.802114248046875 0.1240662890625 0.737279384765625 0.0288841376953125 0.729345326171875 0.032032701171875
0 0.7856858203125 0 0.8235991015625 0.04242442578125 0.829283337890625 0.0393151943359375 0.7932501611328125 0 0.7856858203125 0
0 0.986547314453125 0.7002404765625 0.9863738193359375 0.7988164833984375 0.9939520458984376 0.79943646875 0.986547314453125 0.7002404765625