0 0.2345338681640625 1 0.2059987626953125 0.913645787109375 0.1970002080078125 0.9171453681640624 0.2259246982421875 1 0.2345338681640625 1
0 0.203148158203125 0.962827939453125 0.1143405498046875 0.90700805078125 0.1093962744140625 0.919372681640625 0.19504592578125 0.9726472001953125 0.203148158203125 0.962827939453125
0 0.104891107421875 0.932238537109375 0.1157121904296875 0.924463421875 0.004287783203125 0.8677212177734375 0.0033796826171875 0.8836336689453125 0.104891107421875 0.932238537109375
0 0.10460251171875 0.410727037109375 0.0061720419921875 0.4705109609375 0.0092218056640625 0.4798183662109375 0.009306005859375 0.4788551640625 0.1073815673828125 0.417606814453125 0.10460251171875 0.410727037109375
0 0.27354376171875 0.5055802880859375 0.147232650390625 0.508645708984375 0.149091388671875 0.51500463671875 0.2722205478515625 0.5151926796875 0.27354376171875 0.5055802880859375
0 0.1866546611328125 0.4222895322265625 0.178005125 0.4383696025390625 0.2856699541015625 0.4828755498046875 0.2939586923828125 0.4764471171875 0.1866546611328125 0.4222895322265625
0 0.241115853515625 0.4622092412109375 0.306573291015625 0.55864222265625 0.314777830078125 0.5531769931640625 0.2600993740234375 0.44945049609375 0.241115853515625 0.4622092412109375
0 0.3149508115234375 0.42413823828125 0.34114787890625 0.5387862021484375 0.3485344072265625 0.537154154296875 0.3290321572265625 0.4232625234375 0.3149508115234375 0.42413823828125
0 0.3465851416015625 0.5042090634765625 0.3586995537109375 0.5037364560546875 0.3536516630859375 0.3957507685546875 0.3474380546875 0.3950140595703125 0.3465851416015625 0.5042090634765625
0 0.37443284375 0.30718446484375 0.3620717197265625 0.29943061328125 0.3416698779296875 0.4223279384765625 0.356166337890625 0.42775228125 0.37443284375 0.30718446484375
0 0.19585019140625 0.2839523642578125 0.116860892578125 0.3754614306640625 0.12874080859375 0.3831956591796875 0.204716556640625 0.2930136533203125 0.19585019140625 0.2839523642578125
0 0.1105011318359375 0.216190576171875 0.10780627734375 0.2083475966796875 0.0044854130859375 0.257782419921875 0.0080344892578125 0.2724266806640625 0.1105011318359375 0.216190576171875
0 0 0.278738517578125 0.0719745712890625 0.231535576171875 0.0637578173828125 0.2205675078125 0 0.2653166884765625 0 0.278738517578125
0 0.2517423564453125 0.2688322177734375 0.1593634228515625 0.3588286181640625 0.1680432802734375 0.364499076171875 0.2583710791015625 0.275868984375 0.2517423564453125 0.2688322177734375
0 0.2552366806640625 0.2288593525390625 0.186623466796875 0.32320814453125 0.193986 0.3273749296875 0.2665271923828125 0.2433359921875 0.2552366806640625 0.2288593525390625
0 0.6330378876953126 0.1055539619140625 0.7374601220703125 0.109812310546875 0.738049525390625 0.1030698994140625 0.6351130166015625 0.0983888212890625 0.6330378876953126 0.1055539619140625
0 0 0.2420612138671875 0.033035328125 0.2244037646484375 0.032515537109375 0.2158921875 0 0.2285154013671875 0 0.2420612138671875
0 0 0.197637271484375 0.0456035546875 0.169040419921875 0.040577708984375 0.1599700986328125 0 0.1874700234375 0 0.197637271484375
0 0.99023546484375 0.16153178515625 0.915351431640625 0.197025826171875 0.914267595703125 0.203733484375 0.9891228193359375 0.1742597490234375 0.99023546484375 0.16153178515625