0 0.506036689453125 0.6721733388671876 0.499314306640625 0.672723427734375 0.4721240771484375 0.78228708203125 0.4706302138671875 0.78240932421875 0.4769548798828125 0.7849154052734375 0.506036689453125 0.6721733388671876
0 0.539066580078125 0.6838327431640625 0.5559356044921875 0.80264146484375 0.5653838017578126 0.7996006044921875 0.545788962890625 0.6832826552734375 0.539066580078125 0.6838327431640625
0 0.5772376796875 0.6361107548828125 0.4900601220703125 0.7097641943359375 0.4895654033203125 0.724922802734375 0.58219458984375 0.646287822265625 0.5772376796875 0.6361107548828125
0 0.54370340625 0.9434850830078125 0.473734353515625 0.8607695693359375 0.468855048828125 0.86419246484375 0.5360109833984374 0.9486499873046875 0.54370340625 0.9434850830078125
0 0.967184396484375 0.7727687626953125 0.9315548125 0.887558443359375 0.93862641015625 0.8900034033203125 0.976758701171875 0.7772766484375 0.967184396484375 0.7727687626953125
0 1 0.6793908310546874 0.998623408203125 0.680243279296875 0.9540888466796875 0.776863990234375 0.9623923955078125 0.7769404208984375 1 0.6975152119140625 1 0.6793908310546874
0 1 0.6601571025390625 0.9466874248046875 0.6875167939453125 0.959074845703125 0.6902826708984375 1 0.6684697939453125 1 0.6601571025390625
0 0.76480480859375 0.97074687109375 0.6705847431640625 0.945196962890625 0.6656569365234375 0.954671078125 0.7571123857421875 0.975911775390625 0.76480480859375 0.97074687109375
0 0.7449092705078125 0.96179222265625 0.651523439453125 0.936929955078125 0.6487491240234375 0.9454719462890625 0.7424453671875 0.9665292802734375 0.7449092705078125 0.96179222265625
0 0.6360027880859375 0.952562220703125 0.6254778505859375 0.9851715341796875 0.631365998046875 0.9839338046875 0.6370116318359375 0.95474738671875 0.6360027880859375 0.952562220703125
0 0.6594389775390626 0.9854161416015625 0.63982475 0.95300537890625 0.6377585634765625 0.954686265625 0.6490692431640624 0.9870205966796874 0.6594389775390626 0.9854161416015625
0 0.4228751123046875 0.8384746279296875 0.318139798828125 0.774478048828125 0.3150162685546875 0.780024990234375 0.4191792568359375 0.84558021484375 0.4228751123046875 0.8384746279296875
0 0.364701759765625 0.7857860400390625 0.264399533203125 0.727473953125 0.263429494140625 0.732088767578125 0.3603462763671875 0.7937015078125 0.364701759765625 0.7857860400390625
0 0.399836638671875 0.802564537109375 0.3063537978515625 0.7315999248046875 0.2967309931640625 0.7331432587890625 0.39025263671875 0.810907853515625 0.399836638671875 0.802564537109375
0 0.4447883076171875 0.618980470703125 0.33003248046875 0.6177881806640625 0.3197888505859375 0.62694137890625 0.439200873046875 0.62926446875 0.4447883076171875 0.618980470703125
0 0.555111046875 0.614488267578125 0.54641948046875 0.6046168046875 0.443275046875 0.6448051142578125 0.4492019970703125 0.6503673662109375 0.555111046875 0.614488267578125
0 0.5180360859375 0.606939400390625 0.4117002158203125 0.626223486328125 0.42210875390625 0.6314190126953125 0.525369595703125 0.6116306474609375 0.5180360859375 0.606939400390625
0 0.28793274609375 0.9228397900390625 0.3543563359375 0.9964186484375 0.3625249609375 0.99632359765625 0.294703630859375 0.9162384814453125 0.28793274609375 0.9228397900390625
0 0.3438653046875 0.9757117421875 0.2746528828125 0.8800839072265625 0.270297400390625 0.8879993759765625 0.3359982744140625 0.9793791220703125 0.3438653046875 0.9757117421875
0 0.2442227138671875 0.974794556640625 0.266384509765625 0.9974422939453125 0.27466015234375 0.997345998046875 0.24984894921875 0.971310541015625 0.2442227138671875 0.974794556640625
0 0.079829822265625 0.3215373662109375 0.0788500703125 0.2225938134765625 0.0712934521484375 0.2224562607421875 0.079829822265625 0.3215373662109375