0 0.064504359375 0.634117072265625 0.057083716796875 0.6524698740234375 0.0586971435546875 0.670911419921875 0.073082232421875 0.63701105078125 0.064504359375 0.634117072265625
0 0.215121458984375 0.5830292431640625 0.341950923828125 0.584014609375 0.3390808896484375 0.5755233134765625 0.215391912109375 0.5677325087890625 0.215121458984375 0.5830292431640625
0 0.3053027919921875 0.53377883984375 0.396643466796875 0.6141785888671875 0.402811751953125 0.6069413525390625 0.3106854111328125 0.522173076171875 0.3053027919921875 0.53377883984375
0 0.126052966796875 0.49612953125 0.04701280078125 0.5373587685546874 0.0482771328125 0.551810154296875 0.1335747197265625 0.5099517177734375 0.126052966796875 0.49612953125
0 0.1694391396484375 0.409291873046875 0.121651341796875 0.5010561806640625 0.129693642578125 0.5098391728515625 0.186262154296875 0.40949629296875 0.1694391396484375 0.409291873046875
0 0.3554788408203125 0.5509635625 0.237192841796875 0.50601272265625 0.2305641103515625 0.5148898798828125 0.352746212890625 0.5591034462890625 0.3554788408203125 0.5509635625
0 0.37620329296875 0.525726255859375 0.420580375 0.6268707509765625 0.434458228515625 0.6228329677734376 0.3841307255859375 0.5166033408203125 0.37620329296875 0.525726255859375
0 0.42544778125 0.5955997265625 0.4336177958984375 0.5971592607421875 0.417812138671875 0.4906080927734375 0.4078454130859375 0.4930587822265625 0.42544778125 0.5955997265625
0 0.4244675419921875 0.358208666015625 0.41366594140625 0.4810878271484375 0.425301662109375 0.4818503701171875 0.4257320595703125 0.4819100869140625 0.43608823828125 0.35982102734375 0.4244675419921875 0.358208666015625
0 0.2647798935546875 0.385462529296875 0.2563071962890625 0.3766198203125 0.1720033369140625 0.4594839921875 0.180053150390625 0.4678420751953125 0.2647798935546875 0.385462529296875
0 0.2426675673828125 0.3427809619140625 0.2349955625 0.3374569609375 0.1891343662109375 0.4422671337890625 0.20327733984375 0.4476370712890625 0.2426675673828125 0.3427809619140625
0 0.0447582763671875 0.2867824580078125 0.0927629638671875 0.25595932421875 0.0842677294921875 0.24839134375 0.0450587802734375 0.269786087890625 0.0447582763671875 0.2867824580078125
0 0.0468693154296875 0.1673829580078125 0.0865988115234375 0.14094901953125 0.084642158203125 0.1296027939453125 0.0472374326171875 0.146562404296875 0.0468693154296875 0.1673829580078125
0 0.344489734375 0.098782017578125 0.2415896640625 0.11091372265625 0.2457583994140625 0.119159259765625 0.3455931064453125 0.1095838994140625 0.344489734375 0.098782017578125
0 0.539924001953125 0.1727530341796875 0.419980875 0.172723140625 0.4241120478515625 0.1830932255859375 0.5349267041015625 0.186967970703125 0.539924001953125 0.1727530341796875
0 0.59118622265625 0.1773099140625 0.706502345703125 0.195013734375 0.707535927734375 0.185360255859375 0.592242341796875 0.1663817080078125 0.59118622265625 0.1773099140625
0 0.99137953515625 0.2370959111328125 0.9061385556640625 0.22654665234375 0.9064036748046875 0.2359543740234375 0.989039740234375 0.247420056640625 0.99137953515625 0.2370959111328125
0 0.0483028759765625 0.2082367578125 0.065440404296875 0.200615572265625 0.0650621953125 0.1953335712890625 0.0468219560546875 0.2011805234375 0.0483028759765625 0.2082367578125