0 0.6981080537109375 0.1826522119140625 0.6573968505859376 0.3063443525390625 0.670966505859375 0.307527162109375 0.707785478515625 0.1859099189453125 0.6981080537109375 0.1826522119140625
0 0.690445103515625 0.0804898720703125 0.6887717158203125 0.0744506044921875 0.570550009765625 0.0995487509765625 0.580471052734375 0.114855921875 0.690445103515625 0.0804898720703125
0 0.6206165283203126 0.124546861328125 0.6125052373046875 0.1117406005859375 0.505641296875 0.1812837509765625 0.5171404951171875 0.192382982421875 0.6206165283203126 0.124546861328125
0 0.629945912109375 0.1976004423828125 0.6351112783203124 0.3122833544921875 0.6455898017578126 0.318777708984375 0.640400392578125 0.193413564453125 0.629945912109375 0.1976004423828125
0 0.6256284404296875 0.2672349287109375 0.66289316796875 0.3756981884765625 0.6669337861328125 0.375425548828125 0.6651952236328125 0.3724906142578125 0.633193330078125 0.2617169033203125 0.6256284404296875 0.2672349287109375
0 0.6831563701171876 0.4010380712890625 0.6098298046875 0.3337811083984375 0.60291762890625 0.3407335224609375 0.676095806640625 0.406188228515625 0.6831563701171876 0.4010380712890625
0 0.6548540078125 0.3949356220703125 0.5715662119140625 0.3586347724609375 0.5726109296875 0.3739208828125 0.6534302509765625 0.4036161259765625 0.6548540078125 0.3949356220703125
0 0.736848154296875 0.016838568359375 0.7218367080078125 0.016325337890625 0.663531376953125 0.0821627919921875 0.6747989765625 0.08655317578125 0.736848154296875 0.016838568359375
0 0.599215265625 0.1386291015625 0.59543535546875 0.1264844091796875 0.473516947265625 0.144344453125 0.4799728857421875 0.1591223701171875 0.599215265625 0.1386291015625
0 0.5347675087890625 0.361022369140625 0.41011296484375 0.349546111328125 0.412819048828125 0.3655308740234375 0.5340736640625 0.373373544921875 0.5347675087890625 0.361022369140625
0 0.358423384765625 0.212630625 0.349950142578125 0.199324181640625 0.2624109951171875 0.26203120703125 0.2729015419921875 0.27386617578125 0.358423384765625 0.212630625
0 0.2604943408203125 0.0517464638671875 0.250745728515625 0.0489227822265625 0.200931669921875 0.136077603515625 0.214501326171875 0.1372604130859375 0.2604943408203125 0.0517464638671875
0 0.2430852587890625 0.236389611328125 0.178503373046875 0.3350806669921875 0.1949034541015625 0.343369265625 0.252626318359375 0.243185677734375 0.2430852587890625 0.236389611328125
0 0.13662276171875 0.6445616826171875 0.1608807294921875 0.521025890625 0.1512865146484375 0.5226747734375 0.129692552734375 0.643503173828125 0.13662276171875 0.6445616826171875
0 0.86916720703125 0.037048759765625 0.813574875 0.043526705078125 0.8141420927734375 0.053590947265625 0.882550375 0.041487927734375 0.86916720703125 0.037048759765625