0 0.0272901494140625 0.2149099248046875 0.076753544921875 0.33316723828125 0.0881244404296875 0.3144052607421875 0.0432094033203125 0.209793021484375 0.0272901494140625 0.2149099248046875
0 0.156918357421875 0.255276603515625 0.2893892900390625 0.279155484375 0.29280055859375 0.2677845888671875 0.1626038056640625 0.2387888056640625 0.156918357421875 0.255276603515625
0 0.3269132451171875 0.294506193359375 0.330324513671875 0.2899578349609375 0.413900595703125 0.242768619140625 0.4019611552734375 0.234240447265625 0.3269132451171875 0.279724029296875 0.3269132451171875 0.294506193359375
0 0.3883160810546875 0.2586878720703125 0.355909029296875 0.3490864912109375 0.3644372001953125 0.3513606708984375 0.3996869765625 0.2603935068359375 0.3883160810546875 0.2586878720703125
0 0.24845406640625 0.30758272265625 0.36273156640625 0.30360291015625 0.3678484697265625 0.2939376484375 0.24845406640625 0.2967803720703125 0.24845406640625 0.30758272265625
0 0.088692984375 0.29507473828125 0.08357608203125 0.303034365234375 0.1705634326171875 0.3968442529296875 0.182502873046875 0.384336267578125 0.088692984375 0.29507473828125
0 0.09835824609375 0.3047399990234375 0.126785484375 0.428682759765625 0.135882201171875 0.4264085810546875 0.11314041015625 0.3047399990234375 0.09835824609375 0.3047399990234375
0 0.36898555859375 0.416174775390625 0.3741024619140625 0.54239171484375 0.3894531708984375 0.5372748125 0.3809249990234375 0.413900595703125 0.36898555859375 0.416174775390625
0 0.2240066416015625 0.5406860810546875 0.1466845517578125 0.452561640625 0.1409991044921875 0.4559729091796875 0.2086559326171875 0.541823169921875 0.2240066416015625 0.5406860810546875
0 0.1159831337890625 0.5247668271484375 0.1790916044921875 0.6066372744140625 0.188756865234375 0.5992461923828125 0.1256483955078125 0.5156701103515625 0.1159831337890625 0.5247668271484375
0 0.1967164921875 0.5645649609375 0.2149099248046875 0.6737255576171876 0.2291235439453125 0.67258846875 0.2058132080078125 0.5560367900390625 0.1967164921875 0.5645649609375
0 0.36045738671875 0.6976044384765625 0.4030982451171875 0.7726523486328125 0.4025297001953125 0.75616455078125 0.3655742900390625 0.686802087890625 0.36045738671875 0.6976044384765625
0 0.242768619140625 0.7743579833984375 0.346243767578125 0.845994625 0.3490864912109375 0.8329180947265625 0.2530024248046875 0.7635556328125 0.242768619140625 0.7743579833984375
0 0.5702504091796875 0.8630509677734375 0.452561640625 0.846563169921875 0.446876193359375 0.8585026103515625 0.565133505859375 0.8715791396484375 0.5702504091796875 0.8630509677734375
0 0.5605851474609375 0.8056279462890625 0.6845279091796875 0.8033537666015625 0.6822537294921875 0.7891401474609375 0.5617222373046875 0.79425705078125 0.5605851474609375 0.8056279462890625
0 0.2990545517578125 0.285978021484375 0.180228693359375 0.2922320146484375 0.1762488798828125 0.3024658203125 0.2990545517578125 0.295643283203125 0.2990545517578125 0.285978021484375
0 0.0291492626953125 0.8051901484375 0.004887484375 0.7868849921875 0 0.802250021484375 0.0242312314453125 0.8143656376953124 0.0291492626953125 0.8051901484375
0 0 0.7420385048828125 0.0302260361328125 0.7512101748046875 0.0333494443359375 0.7430465478515625 0 0.726280185546875 0 0.7420385048828125
0 0.0303596787109375 0.7236493447265625 0.0002291005859375 0.703541927734375 0 0.710372951171875 0.02885525 0.7296632412109375 0.0303596787109375 0.7236493447265625