0 0.4459053955078125 0.3043604130859375 0.4067659384765625 0.188515158203125 0.3996997626953125 0.19085421484375 0.4400930859375 0.3056444072265625 0.4459053955078125 0.3043604130859375
0 0.4805331875 0.309938033203125 0.485864951171875 0.199052037109375 0.4785292509765625 0.1975602744140625 0.4731974853515625 0.3084462705078125 0.4805331875 0.309938033203125
0 0.4291364560546875 0.36175180078125 0.482525275390625 0.2690382158203125 0.479478494140625 0.263486701171875 0.423781158203125 0.3590444755859375 0.4291364560546875 0.36175180078125
0 0.439683015625 0.3921009931640625 0.532164349609375 0.33276739453125 0.527793390625 0.3251741875 0.43036691015625 0.3918247919921875 0.439683015625 0.3921009931640625
0 0.4739006552734375 0.3876542822265625 0.5695811220703125 0.348621912109375 0.567331193359375 0.346006654296875 0.468475044921875 0.381850203125 0.4739006552734375 0.3876542822265625
0 0.5597494169921875 0.3577964765625 0.676405787109375 0.342140923828125 0.677448712890625 0.3317955947265625 0.5616477822265625 0.3449279560546875 0.5597494169921875 0.3577964765625
0 0.0376139619140625 0.3634329462890625 0.0280351728515625 0.36997690234375 0.0285091513671875 0.3762319384765625 0.0423716220703125 0.3639380791015625 0.0376139619140625 0.3634329462890625
0 0.1896126904296875 0.0551955634765625 0.28992195703125 0.067271474609375 0.2948671025390625 0.0599544677734375 0.1913235693359375 0.050149181640625 0.1896126904296875 0.0551955634765625
0 0.3760285185546875 0.0326882841796875 0.4580571796875 0.1079360283203125 0.46545146875 0.10396834375 0.3813017783203125 0.023742650390625 0.3760285185546875 0.0326882841796875
0 0.28512912109375 0.041097734375 0.2766567294921875 0.0297421416015625 0.2722974970703125 0.03070513671875 0.279387123046875 0.045478484375 0.28512912109375 0.041097734375
0 0.4739121357421875 0.106767736328125 0.5862093134765625 0.1403156376953125 0.590299021484375 0.1355218232421875 0.471521580078125 0.0979589677734375 0.4739121357421875 0.106767736328125
0 0.524711310546875 0.1492326923828125 0.524969109375 0.1445073095703125 0.6310907275390625 0.2035396845703125 0.632133654296875 0.19319435546875 0.5228363544921875 0.130973158203125 0.524711310546875 0.1492326923828125
0 0.55002299609375 0.1545341123046875 0.6651560166015625 0.18434326171875 0.671753453125 0.1774393212890625 0.555893892578125 0.1477906708984375 0.55002299609375 0.1545341123046875
0 0.6304983291015624 0 0.6630934521484375 0.029184490234375 0.67292515625 0.02000992578125 0.6485151015625 0 0.6304983291015624 0
0 0.9449440400390625 0.415090548828125 0.9121676708984375 0.314179142578125 0.90602724609375 0.3170917626953125 0.9372802255859375 0.4152274140625 0.9449440400390625 0.415090548828125
0 0.9450145986328125 0.7076300537109375 0.9249175029296876 0.60236153125 0.9149451728515625 0.6053425859375 0.9360266064453125 0.705725224609375 0.9450145986328125 0.7076300537109375
0 1 0.84041547265625 0.97932522265625 0.7726717080078125 0.9689131943359375 0.773194615234375 1 0.876811431640625 1 0.84041547265625