0 0.80478085546875 0.6615950263671875 0.8640873955078126 0.7737463017578124 0.8696068408203125 0.7709073671875 0.8131764990234375 0.658774642578125 0.80478085546875 0.6615950263671875
0 0.927363283203125 0.8827104619140625 0.8153618515625 0.8694753564453125 0.81405365234375 0.874201451171875 0.9289312822265625 0.8874551064453124 0.927363283203125 0.8827104619140625
0 0.9392710859375 0.927427130859375 0.88596755859375 0.876863474609375 0.883557259765625 0.8825970009765625 0.9308754423828125 0.9302475146484375 0.9392710859375 0.927427130859375
0 0.7841726162109375 0.65351485546875 0.80809562890625 0.769326982421875 0.8153802236328125 0.765315798828125 0.79126901171875 0.657618794921875 0.7841726162109375 0.65351485546875
0 0.836749732421875 0.85168973046875 0.7243452890625 0.7938121640625 0.721047943359375 0.7990326982421875 0.8390165849609375 0.8650624912109375 0.836749732421875 0.85168973046875
0 0.693593921875 0.8483991005859375 0.8117241474609375 0.8454410595703125 0.81744969140625 0.8388834638671875 0.699116224609375 0.8367679248046875 0.693593921875 0.8483991005859375
0 0.758708216796875 0.5938307919921875 0.7857135283203125 0.7059428125 0.789458875 0.7020778916015625 0.7664318603515625 0.58897698828125 0.758708216796875 0.5938307919921875
0 0.789065287109375 0.5510776396484375 0.772775466796875 0.6255414287109375 0.78449530859375 0.624095208984375 0.8010001787109375 0.5481109931640625 0.789065287109375 0.5510776396484375
0 0.766978552734375 0.560235150390625 0.7076355009765625 0.6021249794921875 0.717169046875 0.607090091796875 0.7753831474609375 0.559612998046875 0.766978552734375 0.560235150390625
0 0.641061794921875 0.606937376953125 0.5300727197265624 0.6249905224609374 0.530771572265625 0.633618640625 0.6448429443359375 0.6118653857421875 0.641061794921875 0.606937376953125
0 0.6543755439453125 0.833942546875 0.55395074609375 0.7840894990234375 0.54978425 0.793193505859375 0.653076296875 0.8408668720703125 0.6543755439453125 0.833942546875
0 0.5916814423828125 0.8678635146484375 0.499025041015625 0.824147826171875 0.4953065458984375 0.8346074453125 0.5883840966796875 0.8730840478515625 0.5916814423828125 0.8678635146484375
0 0.5170618720703125 0.7983933359375 0.40463929296875 0.7903973173828125 0.4017988955078125 0.7991716962890625 0.5224020712890625 0.8058677578125 0.5170618720703125 0.7983933359375
0 0.1943640283203125 0.6035488759765625 0.2443520732421875 0.709214611328125 0.256528865234375 0.711322236328125 0.205626919921875 0.598548810546875 0.1943640283203125 0.6035488759765625
0 0.11798001953125 0.37241691015625 0.1664269150390625 0.47993269921875 0.17106826171875 0.47877900390625 0.1217343154296875 0.3707502216796875 0.11798001953125 0.37241691015625
0 0.159707623046875 0.29676447265625 0.1975546767578125 0.409115513671875 0.204167271484375 0.4030709111328125 0.168112216796875 0.2961423212890625 0.159707623046875 0.29676447265625