0 0.0934522021484375 0.790457642578125 0.12482580078125 0.682341052734375 0.1219228544921875 0.6802961875 0.0876097158203125 0.785670046875 0.0934522021484375 0.790457642578125
0 0.33147404296875 0.7178523037109374 0.2105907978515625 0.745107109375 0.2087886953125 0.750726560546875 0.3334195595703125 0.72829589453125 0.33147404296875 0.7178523037109374
0 0.3418415693359375 0.7023044052734375 0.22835268359375 0.6972991328125 0.23151180078125 0.70422904296875 0.336657806640625 0.710078353515625 0.3418415693359375 0.7023044052734375
0 0.41229860546875 0.686406783203125 0.298550578125 0.6897880556640625 0.2974833623046875 0.696093189453125 0.40722462890625 0.6962743232421875 0.41229860546875 0.686406783203125
0 0.10463671484375 0.7371763896484375 0.053848056640625 0.7700630869140624 0.0542404609375 0.7756747353515625 0.109890701171875 0.744069755859375 0.10463671484375 0.7371763896484375
0 0.13430315234375 0.703130783203125 0.21084006640625 0.616578408203125 0.2081962587890625 0.6061469990234375 0.13114403515625 0.696200873046875 0.13430315234375 0.703130783203125
0 0.1539680185546875 0.6916117119140625 0.175199603515625 0.5766870244140625 0.1659022626953125 0.5726582001953126 0.1442651552734375 0.6931779755859375 0.1539680185546875 0.6916117119140625
0 0.4378306787109375 0.733459521484375 0.3785185908203125 0.708649615234375 0.369733591796875 0.7143908798828125 0.4375349443359375 0.7411482021484375 0.4378306787109375 0.733459521484375
0 0.4413616943359375 0.7208248916015625 0.410249240234375 0.64732642578125 0.4048093056640625 0.650215330078125 0.4289388623046875 0.723835607421875 0.4413616943359375 0.7208248916015625
0 0.1811241904296875 0.54305558203125 0.1811973818359375 0.5444513076171875 0.247037408203125 0.46716605859375 0.246082947265625 0.4622931953125 0.1760165888671875 0.5389536689453125 0.1811241904296875 0.54305558203125
0 0.1561469921875 0.4799276201171875 0.21143948046875 0.4014293623046875 0.2029136201171875 0.3987840830078125 0.14960621484375 0.4751522060546875 0.1561469921875 0.4799276201171875
0 0.234657111328125 0.4443314638671875 0.2414807822265625 0.334547626953125 0.23589446484375 0.3346450771484375 0.226939328125 0.44376759375 0.234657111328125 0.4443314638671875
0 0.2523052744140625 0.2477445634765625 0.3321842841796875 0.1716114150390625 0.3271498740234375 0.16890523046875 0.2422730498046875 0.2430300556640625 0.2523052744140625 0.2477445634765625
0 0.387539052734375 0.3075521591796875 0.4212211552734375 0.230129384765625 0.41537866796875 0.2253417900390625 0.3804829638671875 0.3062782451171875 0.387539052734375 0.3075521591796875
0 0.4144786181640625 0.1415372607421875 0.5223139345703125 0.118701080078125 0.517685046875 0.1103998046875 0.4092978232421875 0.13603962109375 0.4144786181640625 0.1415372607421875
0 0.6657808037109375 0.175571046875 0.5464464609375 0.1790497685546875 0.5496421728515625 0.18667754296875 0.6641616806640624 0.1846798173828125 0.6657808037109375 0.175571046875
0 0.0193445693359375 0.2036117939453125 0.04691316796875 0.1828743203125 0.0477974052734375 0.1730798681640625 0.019051802734375 0.198028884765625 0.0193445693359375 0.2036117939453125
0 0.022272234375 0.2594408759765625 0.0468251298828125 0.247836533203125 0.048554041015625 0.2408213544921875 0.0224581826171875 0.24965860546875 0.022272234375 0.2594408759765625
0 0.0252424326171875 0.2894246435546875 0.0413426611328125 0.2765707509765625 0.0397265068359375 0.272407931640625 0.023553087890625 0.2838660986328125 0.0252424326171875 0.2894246435546875
0 0.4174329306640625 0.5710644013671875 0.4167247685546875 0.4509344267578125 0.400002412109375 0.4519246396484375 0.4092730302734375 0.575397759765625 0.4174329306640625 0.5710644013671875