0 0.7973439365234375 0.6051122333984374 0.6759808076171875 0.603436794921875 0.675781578125 0.610246591796875 0.7970834140625 0.611174603515625 0.7989069443359375 0.6056937470703125 0.7973439365234375 0.6051122333984374
0 0.6654995029296875 0.5864940361328125 0.77141655078125 0.547640892578125 0.7664210654296875 0.5421592197265624 0.65819015234375 0.5805138076171875 0.6654995029296875 0.5864940361328125
0 0.614624908203125 0.631333115234375 0.709018685546875 0.562830958984375 0.7003302041015625 0.558511498046875 0.6111311396484375 0.625685529296875 0.614624908203125 0.631333115234375
0 0.5880077080078125 0.6486036259765625 0.6280793095703125 0.5551809970703125 0.62620983984375 0.5508623505859375 0.5837630830078125 0.6430389970703125 0.5880077080078125 0.6486036259765625
0 0.5884981669921875 0.6176273037109375 0.5940915908203125 0.5287681171875 0.5907663447265625 0.5344148876953125 0.5823687197265625 0.6167961064453125 0.5884981669921875 0.6176273037109375
0 0.8936531201171874 0.550728228515625 0.8348260419921875 0.4523940283203125 0.831255626953125 0.455051091796875 0.884765408203125 0.5532185625 0.8936531201171874 0.550728228515625
0 0.838564853515625 0.4979870556640625 0.7469298359375 0.4153447392578125 0.7442328642578125 0.4194137001953125 0.8296771416015625 0.5004773896484375 0.838564853515625 0.4979870556640625
0 0.877900455078125 0.543418244140625 0.959370361328125 0.582760341796875 0.9600321923828125 0.574026236328125 0.8856695576171875 0.5365263056640625 0.877900455078125 0.543418244140625
0 0.8189506689453125 0.48054492578125 0.7597100244140625 0.3309709267578125 0.7479414638671875 0.3352879423828125 0.8111202734375 0.4866894375 0.8189506689453125 0.48054492578125
0 0.588192080078125 0.5030229677734375 0.5865222138671875 0.3810273203125 0.5654981884765625 0.3833501123046875 0.5810666064453125 0.4992850185546875 0.588192080078125 0.5030229677734375
0 0.646775228515625 0.228810115234375 0.5430650654296875 0.18370341796875 0.53949465234375 0.1863604814453125 0.639879568359375 0.237113951171875 0.646775228515625 0.228810115234375
0 0.38323965625 0.1749644189453125 0.3839138681640625 0.1831861123046875 0.493048806640625 0.1650950009765625 0.38323965625 0.1749644189453125
0 0.0738554306640625 0.2272467900390625 0.1868518916015625 0.21928782421875 0.1851203603515625 0.207411955078125 0.0744224130859375 0.224921552734375 0.0738554306640625 0.2272467900390625
0 0.7814855283203125 0.143786505859375 0.6817441162109374 0.119358884765625 0.67985929296875 0.124092314453125 0.7814855283203125 0.143786505859375
0 0.9375259404296875 0.17104444140625 0.903783390625 0.1476212685546875 0.8998298701171875 0.1548458505859375 0.9381388603515625 0.1785187080078125 0.9375259404296875 0.17104444140625
0 0.9475011826171875 0.3019270673828125 0.922692283203125 0.2858130625 0.916424896484375 0.292539087890625 0.9466123876953125 0.309567248046875 0.9475011826171875 0.3019270673828125
0 0.9034111865234375 0.21725255859375 0.9425647958984374 0.232490873046875 0.94022716015625 0.2211038369140625 0.9072158564453126 0.20658433984375 0.9034111865234375 0.21725255859375