0 0.3139134345703125 0 0.299048453125 0.0008744111328125 0.2680068740234375 0.0734504970703125 0.2723789267578125 0.0765109345703125 0.2776253916015625 0.07476211328125 0.3139134345703125 0
0 0.181877421875 0.074324908203125 0.187998296875 0.08088298828125 0.279374212890625 0.0244834990234375 0.269318490234375 0.0214230615234375 0.181877421875 0.074324908203125
0 0.1810030107421875 0.06558080078125 0.175319341796875 0.055962283203125 0.06558080078125 0.10798971875 0.07476211328125 0.1180454423828125 0.1810030107421875 0.06558080078125
0 0.011372162109375 0.3104040947265625 0.0065250107421875 0.3122683837890625 0.0417600703125 0.40417782421875 0.04623436328125 0.3997035302734375 0.011372162109375 0.3104040947265625
0 0.000559287109375 0.2906426328125 0.0001864287109375 0.3117090966796875 0.0283371904296875 0.387399224609375 0.035048630859375 0.3814335 0.000559287109375 0.2906426328125
0 0.03695913671875 0.5022769658203124 0.034433978515625 0.511688919921875 0.1257988017578125 0.57091536328125 0.1308491181640625 0.5601260498046875 0.03695913671875 0.5022769658203124
0 0.183647884765625 0.4802392197265625 0.3101353662109375 0.487585134765625 0.3080693271484375 0.47794362109375 0.1861730439453125 0.472204625 0.183647884765625 0.4802392197265625
0 0.3493901015625 0.4432800830078125 0.2704215107421875 0.5321197470703125 0.28052214453125 0.53762918359375 0.3574246962890625 0.4471826005859375 0.3493901015625 0.4432800830078125
0 0.375330365234375 0.4614153115234375 0.3464058232421875 0.5690788837890625 0.3560473369140625 0.571374482421875 0.3886448369140625 0.4614153115234375 0.375330365234375 0.4614153115234375
0 0.3918586748046875 0.4951606103515625 0.3815284814453125 0.49355369140625 0.3684435693359375 0.6055789013671875 0.3762486044921875 0.6014468232421875 0.3918586748046875 0.4951606103515625
0 0.3181699609375 0.5144436376953125 0.2054560712890625 0.55392793359375 0.213490666015625 0.562880767578125 0.3197768798828125 0.52201911328125 0.3181699609375 0.5144436376953125
0 0.1771354501953125 0.62730583984375 0.2604243037109375 0.72056589453125 0.2645300927734375 0.711474505859375 0.18534702734375 0.623493322265625 0.1771354501953125 0.62730583984375
0 0.208222134765625 0.6985705986328125 0.1419429765625 0.5962191552734375 0.1357842939453125 0.5988585908203125 0.20235672265625 0.698277328125 0.208222134765625 0.6985705986328125
0 0.1953182275390625 0.6545800068359375 0.25426562109375 0.756931451171875 0.264236822265625 0.74901314453125 0.2014769111328125 0.6475415126953125 0.1953182275390625 0.6545800068359375
0 0.369227701171875 0.5783296474609375 0.3818383369140625 0.7000369521484375 0.391516267578125 0.6994504111328125 0.3844777724609375 0.57539694140625 0.369227701171875 0.5783296474609375
0 0.009971201171875 0.72144570703125 0.10499087890625 0.77658058203125 0.112909185546875 0.7715949814453125 0.0173029658203125 0.7138206708984375 0.009971201171875 0.72144570703125
0 0 0.6994504111328125 0.0008798115234375 0.711474505859375 0.0712647587890625 0.7604506982421875 0.073610923828125 0.7510660380859375 0 0.6994504111328125
0 0 0.8003355009765625 0.0463367568359375 0.8314221865234375 0.046043486328125 0.824970232421875 0 0.7900710302734375 0 0.8003355009765625
0 0.68566669140625 0.9108985224609375 0.5792094599609375 0.912364875 0.5783296474609375 0.9194033701171875 0.683907068359375 0.9188168291015625 0.68566669140625 0.9108985224609375
0 0.86250887109375 0.83816741015625 0.9399323125 0.8437395517578125 0.938172689453125 0.836114515625 0.8628021416015625 0.8328885390625 0.86250887109375 0.83816741015625
0 0.0238126337890625 0.4100021845703125 0 0.42118878125 0.0001478671875 0.4314338564453125 0.030442509765625 0.41793872265625 0.0238126337890625 0.4100021845703125
0 0.0319181630859375 0.4086955224609375 0.00005130078125 0.395843158203125 0 0.4066857373046875 0.0287676884765625 0.4161009462890625 0.0319181630859375 0.4086955224609375