0 0.0730171787109375 0.088663716796875 0.1888015625 0.040681 0.1820213955078125 0.02920687109375 0.06154305078125 0.0813619990234375 0.0730171787109375 0.088663716796875
0 0.18097829296875 0.0620646015625 0.2800730361328125 0.0005215517578125 0.2592109853515625 0 0.1768058828125 0.0453749609375 0.18097829296875 0.0620646015625
0 0.2920687158203125 0 0.2659911513671875 0.0547628837890625 0.2759006259765625 0.0568490888671875 0.3082368046875 0 0.2920687158203125 0
0 0.0119956796875 0.2800730361328125 0.0026077568359375 0.285810099609375 0.0354654873046875 0.3812539833984375 0.0458965126953125 0.373952265625 0.0119956796875 0.2800730361328125
0 0 0.309801458984375 0.02451291015625 0.3598703818359375 0.0281637685546875 0.3525686630859375 0 0.2805945869140625 0 0.309801458984375
0 0.02086205078125 0.4829564833984375 0.1142197294921875 0.5434564306640625 0.1204783447265625 0.5267667900390625 0.0239913583984375 0.4709608037109375 0.02086205078125 0.4829564833984375
0 0.1778489853515625 0.457922021484375 0.3092799072265625 0.4688745986328125 0.3092799072265625 0.4563573681640625 0.1835860498046875 0.448012546875 0.1778489853515625 0.457922021484375
0 0.3520471123046875 0.4234996376953125 0.2722497666015625 0.507469392578125 0.2842454462890625 0.518943521484375 0.3583057275390625 0.4318444580078125 0.3520471123046875 0.4234996376953125
0 0.39012035546875 0.4407108291015625 0.3906419072265625 0.43914617578125 0.3770815732421875 0.4323660087890625 0.3395298818359375 0.53824091796875 0.351004009765625 0.544499533203125 0.39012035546875 0.4407108291015625
0 0.3191893818359375 0.48817199609375 0.203404998046875 0.5262452392578125 0.2065343056640625 0.536154712890625 0.3197109326171875 0.4980814697265625 0.3191893818359375 0.48817199609375
0 0.3927281123046875 0.4714823544921875 0.3786462275390625 0.4688745986328125 0.367172099609375 0.576835712890625 0.3749953681640625 0.576835712890625 0.3927281123046875 0.4714823544921875
0 0.3822970859375 0.68114596875 0.396378970703125 0.679581314453125 0.3833401884765625 0.5554521103515625 0.3666505478515625 0.5617107255859375 0.3822970859375 0.68114596875
0 0.11526283203125 0.5544090078125 0.174198126953125 0.655068404296875 0.187236908203125 0.654546853515625 0.1225645498046875 0.551801251953125 0.11526283203125 0.5544090078125
0 0.1684610625 0.581008123046875 0.16063779296875 0.5898744951171875 0.2359256025390625 0.68183678515625 0.25034461328125 0.683232173828125 0.1684610625 0.581008123046875
0 0.17628433203125 0.6149089560546875 0.2305256650390625 0.72234851953125 0.2409566904296875 0.7171330068359375 0.1861938056640625 0.6123012001953125 0.17628433203125 0.6149089560546875
0 0.09022837109375 0.753120044921875 0 0.6847968271484375 0.0026077568359375 0.704094224609375 0.0850128583984375 0.75937866015625 0.09022837109375 0.753120044921875
0 0.4448832392578125 0.9184517998046875 0.5570167646484375 0.91949490234375 0.5549305595703125 0.9038483642578125 0.445404791015625 0.905413017578125 0.4448832392578125 0.9184517998046875
0 0.7239131728515625 0.8376113515625 0.7265209296875 0.8527363388671875 0.8339604921875 0.83708980078125 0.8350035947265625 0.8266587744140625 0.7239131728515625 0.8376113515625
0 0 0.75584232421875 0.04469578125 0.772481595703125 0.04615871484375 0.7663033544921874 0 0.744136740234375 0 0.75584232421875
0 0.0428384931640625 0.8216022197265626 0.003799384765625 0.78864382421875 0 0.800909138671875 0.0404426748046875 0.83033529296875 0.0428384931640625 0.8216022197265626
0 0.9154042109375 0.8364108173828125 0.9040643427734375 0.84869507421875 0.9990234375 0.8795571064453125 0.9990234375 0.865236287109375 0.9154042109375 0.8364108173828125