0 0.977354533203125 0.8845599921875 0.99504297265625 0.8287654130859375 0.995309556640625 0.782943431640625 0.96235055078125 0.874365310546875 0.977354533203125 0.8845599921875
0 0.7685832412109375 0.964018310546875 0.781906849609375 0.9586855517578124 0.68077925390625 0.9374209501953125 0.67768775390625 0.94248235546875 0.7685832412109375 0.964018310546875
0 0.7037825 0.9468812578125 0.69991108984375 0.9542130234375 0.746161560546875 0.9659187998046875 0.7645531240234374 0.9642053642578124 0.7037825 0.9468812578125
0 0.5202558291015625 0.8882261337890625 0.5860449580078125 0.9733555478515625 0.59472191015625 0.9648783759765625 0.5262837041015626 0.880379201171875 0.5202558291015625 0.8882261337890625
0 0.5665965556640625 0.6764680625 0.58487305859375 0.8055182197265625 0.5965417451171875 0.801747041015625 0.5758119697265625 0.67637639453125 0.5665965556640625 0.6764680625
0 0.5134788837890625 0.8903912607421876 0.5204567626953125 0.8793883046875 0.41240420703125 0.8361568388671875 0.406400806640625 0.844384931640625 0.5134788837890625 0.8903912607421876
0 0.54108540234375 0.6681084814453125 0.507747056640625 0.7831787578125 0.518994529296875 0.7848149736328125 0.54825395703125 0.6720419033203126 0.54108540234375 0.6681084814453125
0 0.5291514443359375 0.7156164794921875 0.6036648603515625 0.625468125 0.597559013671875 0.6141503466796875 0.525004228515625 0.70488310546875 0.5291514443359375 0.7156164794921875
0 0.596442810546875 0.6027511513671875 0.5933190263671875 0.5900052333984375 0.49534190234375 0.6378605810546875 0.498651818359375 0.647521642578125 0.596442810546875 0.6027511513671875
0 0.565618703125 0.60140501953125 0.5648844365234374 0.5899702412109376 0.4600427236328125 0.614691873046875 0.4571044853515625 0.62876943359375 0.565618703125 0.60140501953125
0 0.3518376005859375 0.6109688916015625 0.3506866630859375 0.6229627421875 0.4655856328125 0.61724298828125 0.4650961201171875 0.6096198037109375 0.3518376005859375 0.6109688916015625
0 0.365368630859375 0.7738203955078125 0.4695278154296875 0.846172546875 0.476628072265625 0.8370753876953125 0.375353046875 0.7617704580078125 0.365368630859375 0.7738203955078125
0 0.3355383486328125 0.7819676611328125 0.3334374091796875 0.7971175341796874 0.4464699345703125 0.834133453125 0.4452558291015625 0.8212096201171875 0.3355383486328125 0.7819676611328125
0 0.2903394716796875 0.9456894140625 0.3307763251953125 0.99216568359375 0.3432020712890625 0.9918764716796875 0.2969940390625 0.9416184912109375 0.2903394716796875 0.9456894140625
0 0.0917005224609375 0.6106642177734375 0.109810826171875 0.725159158203125 0.12108790234375 0.7152894296875 0.0991286357421875 0.612656259765625 0.0917005224609375 0.6106642177734375
0 0.1421799619140625 0.343688716796875 0.1469959345703125 0.46057253125 0.1566570380859375 0.4554546279296875 0.154328486328125 0.3414065908203125 0.1421799619140625 0.343688716796875
0 0.1315603525390625 0.2860118388671875 0.1327819306640625 0.16741522265625 0.1222101005859375 0.1703173359375 0.124107765625 0.28363863671875 0.1315603525390625 0.2860118388671875
0 0.2541136455078125 0.9689373212890625 0.268662646484375 0.9936113955078125 0.2816714453125 0.99330861328125 0.2652014306640625 0.9679043369140625 0.2541136455078125 0.9689373212890625
0 0.1940035283203125 0.975802037109375 0.210258876953125 0.9949707587890625 0.22294108203125 0.9946755771484375 0.1987195732421875 0.96776922265625 0.1940035283203125 0.975802037109375
0 0.1188410712890625 0.0236308544921875 0.1762496123046875 0.0817464130859375 0.180923208984375 0.07055992578125 0.127873685546875 0.0227893388671875 0.1188410712890625 0.0236308544921875
0 0.984470296875 0.677908388671875 0.9959524580078125 0.672438083984375 0.996073392578125 0.65165126953125 0.9713611572265625 0.662041900390625 0.984470296875 0.677908388671875