0 0.7015952431640625 0.6852012763671875 0.8148472353515624 0.731959720703125 0.819126697265625 0.7263651728515625 0.7030730791015625 0.67800763671875 0.7015952431640625 0.6852012763671875
0 0.6998375 0.6556661337890625 0.8151709931640625 0.6618194794921874 0.8114857978515625 0.6569030703125 0.6991017138671874 0.651629451171875 0.6998375 0.6556661337890625
0 0.73818765234375 0.648018822265625 0.640244083984375 0.675299818359375 0.6446650654296875 0.6842529091796875 0.744380470703125 0.6521562978515625 0.7390712216796875 0.6513361416015625 0.73818765234375 0.648018822265625
0 0.6104465927734375 0.6870250361328125 0.6820104873046875 0.609122880859375 0.6733084765625 0.6095810888671875 0.6080898837890625 0.679451103515625 0.6104465927734375 0.6870250361328125
0 0.6452635048828125 0.57458691015625 0.60957555078125 0.6531737109375 0.613556314453125 0.6566513916015625 0.652524224609375 0.58124186328125 0.6452635048828125 0.57458691015625
0 0.651503833984375 0.55192665234375 0.6692504052734375 0.435068986328125 0.659075255859375 0.431270580078125 0.6423616044921875 0.546909451171875 0.651503833984375 0.55192665234375
0 0.961223703125 0.9260181162109375 0.9538783701171875 0.8551172861328125 0.946652630859375 0.8521986064453125 0.9548768349609374 0.9378670068359375 0.961223703125 0.9260181162109375
0 0.9928478466796875 0.775891005859375 0.9211988125 0.701842494140625 0.915298427734375 0.70389979296875 0.9898953037109375 0.78264478125 0.9928478466796875 0.775891005859375
0 0.9251764443359375 0.7129536767578125 0.8972024716796875 0.59391050390625 0.8915960888671876 0.5983458251953125 0.918686490234375 0.7140716796875 0.9251764443359375 0.7129536767578125
0 0.8817055439453125 0.619825947265625 0.8519832265625 0.4483471279296875 0.8415093779296875 0.4536209501953125 0.871822830078125 0.622222314453125 0.8817055439453125 0.619825947265625
0 0.887892099609375 0.6392304248046875 0.8310057734375 0.5314130390625 0.82112305859375 0.5338094052734375 0.8788945224609375 0.641127361328125 0.887892099609375 0.6392304248046875
0 0.829799443359375 0.2363640029296875 0.9195976806640624 0.2906322763671875 0.917832107421875 0.280180888671875 0.8312772802734375 0.22917036328125 0.829799443359375 0.2363640029296875
0 0.6565044189453125 0.2266643359375 0.751160724609375 0.3029946123046875 0.7588345126953125 0.29230494921875 0.6581300390625 0.2187513330078125 0.6565044189453125 0.2266643359375
0 0.5001919892578125 0.164771833984375 0.6112381904296875 0.1956034814453125 0.61301002734375 0.1907878662109375 0.5040281005859375 0.1613353779296875 0.5001919892578125 0.164771833984375
0 0.19064553125 0.086948203125 0.3087696865234375 0.1214178955078125 0.306856330078125 0.11168587109375 0.192714501953125 0.076877109375 0.19064553125 0.086948203125