0 0.8614727294921875 0.911307640625 0.7620019931640625 0.9463088076171875 0.8123360693359375 0.9427891064453126 0.8693632294921875 0.923286525390625 0.8614727294921875 0.911307640625
0 0.6569325927734375 0.9277320927734375 0.6387935537109375 0.954924380859375 0.6473164404296875 0.95432840234375 0.66284375390625 0.930264890625 0.6569325927734375 0.9277320927734375
0 0.9494024677734375 0.7233605498046874 0.958598900390625 0.71766533984375 0.941573787109375 0.627207193359375 0.932216298828125 0.6282379208984376 0.9494024677734375 0.7233605498046874
0 0.943764365234375 0.6438593671875 0.957577724609375 0.7218232646484375 0.96165192578125 0.7081518896484374 0.9485539814453126 0.6454668857421875 0.943764365234375 0.6438593671875
0 0.9712964326171875 0.5260934912109375 0.887230720703125 0.4592390849609375 0.883591830078125 0.4670190927734375 0.9606750205078125 0.5329570234375 0.9712964326171875 0.5260934912109375
0 0.683937025390625 0.5248206982421875 0.80310438671875 0.54297168359375 0.8032932705078125 0.5319309404296875 0.6821794306640625 0.519620375 0.683937025390625 0.5248206982421875
0 0.713238384765625 0.475707361328125 0.6280325146484375 0.5466733896484375 0.63079028125 0.5536364345703125 0.63255837890625 0.5558764345703125 0.7233532978515625 0.478114236328125 0.713238384765625 0.475707361328125
0 0.7932520302734375 0.46655674609375 0.7912225087890625 0.454569056640625 0.675666052734375 0.4865883515625 0.6782417578125 0.494807556640625 0.7932520302734375 0.46655674609375
0 0.6030632587890625 0.542793720703125 0.6598978828125 0.44232704296875 0.6538046611328125 0.4410504052734375 0.5970412265625 0.5381380419921875 0.6030632587890625 0.542793720703125
0 0.597550052734375 0.5115244189453125 0.607250658203125 0.5139020146484375 0.64126925 0.4033627021484375 0.631740203125 0.4026892666015625 0.597550052734375 0.5115244189453125
0 0.6334056044921875 0.4171892783203125 0.6389292470703125 0.29532997265625 0.62986469140625 0.2972274189453125 0.6218657119140625 0.4159507236328125 0.6334056044921875 0.4171892783203125
0 0.8471608505859375 0.40649218359375 0.7826328798828125 0.3059087763671875 0.774024185546875 0.3109839599609375 0.839439583984375 0.413560673828125 0.8471608505859375 0.40649218359375
0 0.789559369140625 0.272557544921875 0.8254476865234375 0.3859222587890625 0.83653358984375 0.3816296083984375 0.79690601171875 0.27096169921875 0.789559369140625 0.272557544921875
0 0.89034443359375 0.4493069140625 0.843299021484375 0.3436138935546875 0.83507358203125 0.3426095771484375 0.87742974609375 0.4517782841796875 0.89034443359375 0.4493069140625
0 0.9425142724609376 0.2452963125 0.99788296484375 0.2939605830078125 0.9979572880859375 0.28118546484375 0.9489821181640625 0.2411003046875 0.9425142724609376 0.2452963125
0 0.6452160986328125 0.05846608984375 0.534788853515625 0.046431904296875 0.53423216796875 0.0531607099609375 0.642820126953125 0.0663339384765625 0.6452160986328125 0.05846608984375
0 0.2393055693359375 0.11565053515625 0.355817861328125 0.1145784658203125 0.35818465234375 0.09824837109375 0.357345537109375 0.101150134765625 0.2426118447265625 0.1015018818359375 0.2393055693359375 0.11565053515625
0 0.983409138671875 0.2289776748046875 0.9982010302734375 0.23928978125 0.9982671630859375 0.227922599609375 0.987308349609375 0.219394466796875 0.983409138671875 0.2289776748046875
0 0.9851099814453125 0.1690550634765625 0.9985380205078125 0.181366123046875 0.99866500390625 0.1595394833984375 0.99567771484375 0.1562043671875 0.9851099814453125 0.1690550634765625
0 0.9729018779296875 0.630530849609375 0.953898880859375 0.61921041015625 0.952339224609375 0.629971541015625 0.9721771240234375 0.635531416015625 0.9729018779296875 0.630530849609375