0 0.701122103515625 0.3879105732421875 0.825192623046875 0.3633721015625 0.823296466796875 0.35349661328125 0.7041033857421874 0.3775161083984375 0.701122103515625 0.3879105732421875
0 0.9303931103515625 0.40256459765625 0.99358272265625 0.3460845859375 0.992533267578125 0.337378662109375 0.9227556875 0.395189486328125 0.9303931103515625 0.40256459765625
0 0.9053906123046875 0.4959201640625 0.934255353515625 0.387037771484375 0.924026439453125 0.3856068564453125 0.8940608486328125 0.4952362099609375 0.9053906123046875 0.4959201640625
0 0.8302272939453125 0.5580830166015625 0.89159068359375 0.4564497197265625 0.881141880859375 0.45063340625 0.819659982421875 0.5516494853515626 0.8302272939453125 0.5580830166015625
0 0.86739921484375 0.579950724609375 0.88054792578125 0.470221267578125 0.867016462890625 0.47103123828125 0.8531395625 0.580208349609375 0.86739921484375 0.579950724609375
0 0.694634107421875 0.415683517578125 0.8163987333984375 0.43421869140625 0.8190244873046875 0.4219725732421875 0.6969885791015625 0.4085048857421875 0.694634107421875 0.415683517578125
0 0.75236664453125 0.4215072861328125 0.6411207529296875 0.373510625 0.636446072265625 0.381565962890625 0.7452532451171875 0.429822111328125 0.75236664453125 0.4215072861328125
0 0.6712949697265626 0.449658279296875 0.683996865234375 0.4445277841796875 0.614481880859375 0.364378373046875 0.603490515625 0.3686970341796875 0.62044162890625 0.3889373466796875 0.6712949697265626 0.449658279296875
0 0.6488039384765625 0.4621286552734375 0.61983194921875 0.38900221875 0.60946739453125 0.390105046875 0.6412165009765625 0.4679746103515625 0.6488039384765625 0.4621286552734375
0 0.6709281796875 0.6291982373046875 0.653187390625 0.5076396708984375 0.64563421484375 0.5071837021484376 0.659598416015625 0.628514283203125 0.6709281796875 0.6291982373046875
0 0.8612341328125 0.8621397490234375 0.9426113505859375 0.8226193427734375 0.93817509765625 0.8092351640625 0.8589824482421875 0.8504126083984375 0.8612341328125 0.8621397490234375
0 0.7133903310546875 0.8211863837890625 0.7944648193359375 0.7476874873046875 0.7858621875 0.73852559375 0.7132047041015624 0.8104990615234375 0.7133903310546875 0.8211863837890625
0 0.58405117578125 0.8733680546875 0.6932181005859375 0.85545400390625 0.6898655654296875 0.844473826171875 0.5763295048828125 0.859073802734375 0.58405117578125 0.8733680546875
0 0.2750963505859375 0.9005735634765625 0.39535601953125 0.88210903125 0.394560712890625 0.8714865810546875 0.2750463642578125 0.8873524990234375 0.2750963505859375 0.9005735634765625
0 0.957098716796875 0.2602946484375 0.9648943505859375 0.197752677734375 0.9612378056640625 0.1729977802734375 0.951000279296875 0.2575902509765625 0.957098716796875 0.2602946484375
0 0.966251 0.19725615234375 0.9560817783203125 0.2327745400390625 0.9637906689453125 0.236117193359375 0.969359716796875 0.2134468564453125 0.966251 0.19725615234375