0 0.280512802734375 0.9661170595703125 0.2487616376953125 0.8917847646484375 0.2392112578125 0.8973995517578125 0.26651203125 0.966526306640625 0.280512802734375 0.9661170595703125
0 0.157112291015625 0.891093845703125 0.1524227890625 0.899655591796875 0.2448936328125 0.953678748046875 0.2489551064453125 0.94148466796875 0.157112291015625 0.891093845703125
0 0.0464542548828125 0.861472208984375 0.042292166015625 0.87058018359375 0.15189011328125 0.9184862607421875 0.152779087890625 0.91761780859375 0.1575990615234375 0.9068056689453124 0.0464542548828125 0.861472208984375
0 0 0.6642860927734375 0.0392974677734375 0.5758996025390625 0.03014152734375 0.5691937919921874 0 0.648151755859375 0 0.6642860927734375
0 0 0.6514830205078125 0.02248796484375 0.5964395966796875 0.021998466796875 0.5899163037109375 0 0.636198919921875 0 0.6514830205078125
0 0.1277365693359375 0.4035724033203125 0.024849779296875 0.4672808134765625 0.0307228681640625 0.4804423046875 0.132845345703125 0.4118440185546875 0.1277365693359375 0.4035724033203125
0 0.3072449912109375 0.482183884765625 0.179381427734375 0.4887283720703125 0.1774317841796875 0.4982589267578125 0.3026390703125 0.4893359736328125 0.3072449912109375 0.482183884765625
0 0.27177918359375 0.4372562353515625 0.34515984765625 0.52703994921875 0.3516169765625 0.5180793857421875 0.2817553349609375 0.4278419365234375 0.27177918359375 0.4372562353515625
0 0.3460927724609375 0.396488015625 0.3724593046875 0.5079965908203125 0.3825000390625 0.503492623046875 0.3558889794921875 0.39620166796875 0.3460927724609375 0.396488015625
0 0.3699885703125 0.3638601103515625 0.3775643046875 0.4741635859375 0.3883489716796875 0.4749009638671875 0.388365900390625 0.4685847587890625 0.3811842333984375 0.3635328564453125 0.3699885703125 0.3638601103515625
0 0.2125329423828125 0.41091820703125 0.20420077734375 0.416073978515625 0.31303279296875 0.454646630859375 0.317023943359375 0.452073859375 0.320767115234375 0.447753970703125 0.2125329423828125 0.41091820703125
0 0.3725329326171875 0.38624159375 0.384058083984375 0.3862555810546875 0.4004938359375 0.265425802734375 0.3924673291015625 0.265309548828125 0.3725329326171875 0.38624159375
0 0.1358273310546875 0.37245910546875 0.1418430615234375 0.383160318359375 0.2140433349609375 0.2824546298828125 0.2061967724609375 0.273210423828125 0.1358273310546875 0.37245910546875
0 0.267823705078125 0.2524619150390625 0.1779195322265625 0.3452641494140625 0.1857049619140625 0.355562759765625 0.274393072265625 0.259638216796875 0.267823705078125 0.2524619150390625
0 0.2597561171875 0.216908712890625 0.1957080654296875 0.3215865810546875 0.20318093359375 0.3252277470703125 0.2721882216796875 0.2193522998046875 0.2597561171875 0.216908712890625
0 0.688426912109375 0.034205201171875 0.58118152734375 0.034533046875 0.580940451171875 0.0447154033203125 0.6859813115234376 0.0402415244140625 0.688426912109375 0.034205201171875
0 0.9549462578125 0.1060628447265625 0.857867322265625 0.1057426474609375 0.8572967568359375 0.11558376171875 0.9506902021484375 0.1132047060546875 0.9549462578125 0.1060628447265625
0 0.1224491474609375 0.19909616015625 0.1148509423828125 0.192982041015625 0.0210360869140625 0.25495415234375 0.025903330078125 0.260872611328125 0.1224491474609375 0.19909616015625
0 0.0108671689453125 0.2742600478515625 0.0818076689453125 0.2237005859375 0.0763083291015625 0.2144947509765625 0.01005366015625 0.2646417568359375 0.0108671689453125 0.2742600478515625
0 0 0.561103375 0.0164363115234375 0.5651540341796875 0.02048887109375 0.560449490234375 0 0.553007771484375 0 0.561103375
0 0 0.5759811474609375 0.0147828095703125 0.5745446943359375 0.0152655263671875 0.56621877734375 0 0.5687604775390624 0 0.5759811474609375
0 0.0143928056640625 0.2253930498046875 0.0603514404296875 0.201711322265625 0.0573634755859375 0.1969903564453125 0.0127227470703125 0.2186052431640625 0.0143928056640625 0.2253930498046875
0 0.0148735732421875 0.1815076845703125 0.0634336787109375 0.148011009765625 0.0618192783203125 0.142772642578125 0.015268884765625 0.1746893349609375 0.0148735732421875 0.1815076845703125