0 0.8467355625 0.5116503310546875 0.8465056259765625 0.51998405078125 0.95197737109375 0.4731256943359375 0.952122650390625 0.47146513671875 0.94875708984375 0.4681863291015625 0.8467355625 0.5116503310546875
0 0.6669096044921875 0.42738562890625 0.7903499501953125 0.443298103515625 0.793196587890625 0.4312898349609375 0.673964123046875 0.414808919921875 0.6669096044921875 0.42738562890625
0 0.68025756640625 0.4753984052734375 0.69151766796875 0.469933525390625 0.6291674365234375 0.3822531103515625 0.6255275068359375 0.3850280556640625 0.622000248046875 0.39131641015625 0.68025756640625 0.4753984052734375
0 0.6459207998046875 0.451185197265625 0.745070421875 0.5042124140625 0.754681861328125 0.497724853515625 0.6545090107421875 0.4437980302734375 0.6459207998046875 0.451185197265625
0 0.6136718935546875 0.4804496474609375 0.6070496240234375 0.378598861328125 0.5927773232421875 0.3792814970703125 0.606334548828125 0.4880829677734375 0.6136718935546875 0.4804496474609375
0 0.57943171875 0.5135117236328125 0.594816888671875 0.4041215107421875 0.5836717548828125 0.40541953125 0.5660124912109376 0.513663984375 0.57943171875 0.5135117236328125
0 0.51775757421875 0.6368350322265625 0.566637923828125 0.5137870615234374 0.55896256640625 0.5108801572265625 0.508944021484375 0.6371953818359375 0.51775757421875 0.6368350322265625
0 0.6793562568359375 0.6372144091796875 0.7878712451171875 0.5559263876953126 0.7808788056640625 0.551059130859375 0.670487517578125 0.631977921875 0.6793562568359375 0.6372144091796875
0 0.7674412021484375 0.61265353515625 0.854295951171875 0.518724095703125 0.8433232705078125 0.5137718271484375 0.7549900146484375 0.6081085634765625 0.7674412021484375 0.61265353515625
0 0.6870201298828125 0.678522654296875 0.77035221484375 0.5755210322265625 0.76057291796875 0.57289834765625 0.6721821787109376 0.669318513671875 0.6870201298828125 0.678522654296875
0 0.457750529296875 0.8896621513671875 0.57056309765625 0.88812178125 0.570225083984375 0.8775815546875 0.4644072529296875 0.8763089150390625 0.457750529296875 0.8896621513671875
0 0.2539350517578125 0.7860134326171875 0.3643516669921875 0.8105349658203125 0.37043814453125 0.8026554892578125 0.2634338203125 0.7760124609375 0.2539350517578125 0.7860134326171875
0 0.2019619892578125 0.79324199609375 0.205321390625 0.77784339453125 0.0976341484375 0.7531607197265625 0.0943322314453125 0.766475890625 0.2019619892578125 0.79324199609375
0 0.804413107421875 0.7616733212890625 0.86293022265625 0.737578111328125 0.8687913564453125 0.722671818359375 0.79969705859375 0.7502715556640625 0.804413107421875 0.7616733212890625
0 0.9489069130859376 0.0330095380859375 0.987874814453125 0.0628160341796875 0.9889657890625 0.0503461416015625 0.9660896435546875 0.0358908447265625 0.9489069130859376 0.0330095380859375
0 0.844410173828125 0.7916218681640625 0.7831096328125 0.8101984140625 0.78263145703125 0.818927748046875 0.8416198427734375 0.8025875712890626 0.844410173828125 0.7916218681640625
0 0.8268840341796875 0.840996685546875 0.7720532412109375 0.8663391259765625 0.7739885498046875 0.8737594677734375 0.8259538935546875 0.8475575400390625 0.8268840341796875 0.840996685546875