0 0.1640309677734375 0.2128988232421875 0.0612881767578125 0.2437549736328125 0.0619460751953125 0.2529491513671875 0.167810060546875 0.2281664892578125 0.1640309677734375 0.2128988232421875
0 0.11093100390625 0.2146666181640625 0.1219094775390625 0.222754408203125 0.1898746005859375 0.1301816484375 0.1784198544921875 0.1275493271484375 0.11093100390625 0.2146666181640625
0 0.160890689453125 0.1233935634765625 0.167228333984375 0.13444944921875 0.23714395703125 0.0237172255859375 0.22865608984375 0.020560966796875 0.160890689453125 0.1233935634765625
0 0.4454796337890625 0 0.5103651650390625 0.0351791787109375 0.517124462890625 0.02467515625 0.47263956640625 0 0.4454796337890625 0
0 0.458858046875 0 0.4950678203125 0.018006587890625 0.4993955751953125 0.0102595556640625 0.4788450478515625 0 0.458858046875 0
0 0.571420623046875 0.297799322265625 0.580641900390625 0.167079177734375 0.57223119140625 0.167221630859375 0.5608504775390625 0.2933993759765625 0.571420623046875 0.297799322265625
0 0.6890644375 0.138084732421875 0.6320075380859375 0.0429715810546875 0.6242410732421875 0.0482821025390625 0.68005044921875 0.1451374482421875 0.6890644375 0.138084732421875
0 0.5129451025390624 0.3193161806640625 0.517563392578125 0.3291538095703125 0.625164501953125 0.271925736328125 0.6209324423828125 0.2633033955078125 0.5129451025390624 0.3193161806640625
0 0.6603263134765625 0.2037666181640625 0.6010351240234375 0.305729365234375 0.6097271552734375 0.3107295458984375 0.667330740234375 0.207184845703125 0.6603263134765625 0.2037666181640625
0 0.664360736328125 0.33322013671875 0.546601923828125 0.3520463310546875 0.550385458984375 0.3588980810546875 0.663612353515625 0.3459749951171875 0.664360736328125 0.33322013671875
0 0.6879055888671874 0.3604846796875 0.650002943359375 0.359658216796875 0.580807404296875 0.3617617841796875 0.5778541806640625 0.3663118310546875 0.68809165625 0.366718408203125 0.6879055888671874 0.3604846796875
0 0.7670181435546874 0.37444482421875 0.7677439873046875 0.3744956884765625 0.6460288974609375 0.3549886552734375 0.6450128466796875 0.36662698828125 0.7653715048828125 0.38494119921875 0.7670181435546874 0.37444482421875
0 0.8657210830078125 0.1347294931640625 0.8143664677734375 0.02867232421875 0.8065545947265625 0.030320435546875 0.8557316796875 0.1362250107421875 0.8657210830078125 0.1347294931640625
0 0.8605589033203125 0.1687645029296875 0.872222255859375 0.164824830078125 0.8279355712890625 0.061458494140625 0.8200284462890625 0.0641976982421875 0.8605589033203125 0.1687645029296875
0 0.8520259580078124 0 0.8841656142578125 0.04893235546875 0.893002748046875 0.0480879365234375 0.8631167548828125 0 0.8520259580078124 0
0 0.8358320048828125 0.3181579130859375 0.7630287978515625 0.21937985546875 0.756668615234375 0.2211296962890625 0.83022941796875 0.31959491796875 0.8358320048828125 0.3181579130859375
0 0.8385264462890625 0.295659505859375 0.767079671875 0.1980742724609375 0.7588550302734375 0.2044504560546875 0.8328921064453125 0.2974602099609375 0.8385264462890625 0.295659505859375
0 0.8677104091796874 0.3419812880859375 0.7919085712890624 0.2440908671875 0.7843008642578125 0.247582900390625 0.85988044140625 0.348019205078125 0.8677104091796874 0.3419812880859375
0 0.8116128984375 0 0.8310260732421875 0.050878015625 0.840466267578125 0.048904884765625 0.8224950263671875 0 0.8116128984375 0
0 0.541221677734375 0 0.529483248046875 0.019728634765625 0.5337137666015624 0.0272390595703125 0.5519660703125 0 0.541221677734375 0
0 0.52778821484375 0 0.534983013671875 0.0192800966796875 0.5430848173828124 0.019393970703125 0.53761983203125 0 0.52778821484375 0