0 0.44126585546875 0.1541175087890625 0.4520039091796875 0.2688664970703125 0.4563185595703125 0.266193919921875 0.4491468955078125 0.1489758857421875 0.44126585546875 0.1541175087890625
0 0.36708106640625 0.19902914453125 0.416913357421875 0.2919020419921875 0.4223746943359375 0.28591960546875 0.3743887626953125 0.195542451171875 0.36708106640625 0.19902914453125
0 0.39396990234375 0.255421861328125 0.4929445126953125 0.3071967958984375 0.5010490595703125 0.2974974443359375 0.403833349609375 0.247492548828125 0.39396990234375 0.255421861328125
0 0.3776247685546875 0.3378146455078125 0.48231337109375 0.3408175498046875 0.48742487109375 0.331932314453125 0.377984322265625 0.32797348828125 0.3776247685546875 0.3378146455078125
0 0.3461394794921875 0.3651159697265625 0.447757291015625 0.3554633369140625 0.4545402333984375 0.34762244140625 0.3498419150390625 0.3573634931640625 0.3461394794921875 0.3651159697265625
0 0.3655068203125 0.359098501953125 0.2489918037109375 0.3990353369140625 0.2540130263671875 0.407399908203125 0.3775178779296875 0.3625768564453125 0.3655068203125 0.359098501953125
0 0.3552157646484375 0.119812755859375 0.4023367998046875 0.0170570048828125 0.397895818359375 0.012269052734375 0.3467225107421875 0.1198744814453125 0.3552157646484375 0.119812755859375
0 0.8431697861328125 0.04554784765625 0.90652908984375 0.1160041279296875 0.911329625 0.110950921875 0.85171162890625 0.039476994140625 0.8431697861328125 0.04554784765625
0 0.229313474609375 0.235752880859375 0.3203001328125 0.1442996982421875 0.3129535634765625 0.14105156640625 0.225494423828125 0.223300873046875 0.229313474609375 0.235752880859375
0 0.185787978515625 0.297807716796875 0.284519630859375 0.2064963388671875 0.2770856025390625 0.2025225068359375 0.1787523759765625 0.2907275556640625 0.185787978515625 0.297807716796875
0 0.221306109375 0.2911446279296875 0.3023127060546875 0.1874162744140625 0.2956269384765625 0.1832389130859375 0.2125504775390625 0.28902925390625 0.221306109375 0.2911446279296875
0 0.159695978515625 0.1197810419921875 0.2017443837890625 0.032645353515625 0.1933385869140625 0.033432779296875 0.15085288671875 0.11693996875 0.159695978515625 0.1197810419921875
0 0.149939416015625 0.0452374912109375 0.135644708984375 0.0933455478515625 0.1417182607421875 0.09244301171875 0.15667376953125 0.0434057255859375 0.149939416015625 0.0452374912109375
0 0.0839272001953125 0.10666338671875 0.1120404521484375 0.0577945966796875 0.103722115234375 0.0593077236328125 0.080321939453125 0.1023976064453125 0.0839272001953125 0.10666338671875
0 0.0575826279296875 0.6639541181640625 0.0699629677734375 0.7602686630859375 0.079515451171875 0.75617137890625 0.062995376953125 0.6639808115234375 0.0575826279296875 0.6639541181640625
0 0.168286505859375 0.9156501728515625 0.1707319716796875 0.9798777734375 0.178335080078125 0.9792571376953125 0.176031498046875 0.9157919775390625 0.168286505859375 0.9156501728515625
0 0.853713482421875 0.1266226962890625 0.9383253525390625 0.14258142578125 0.9341953369140625 0.1339614462890625 0.8605838837890625 0.1195075029296875 0.853713482421875 0.1266226962890625
0 0.832597142578125 0 0.8561137392578125 0.0375301171875 0.860476978515625 0.0288484130859375 0.8421149208984375 0 0.832597142578125 0
0 0.1351958212890625 0.1593213134765625 0.14490266796875 0.1578316142578125 0.1882154892578125 0.0578381630859375 0.17954794921875 0.0548263212890625 0.1351958212890625 0.1593213134765625