0 0.2178485576171875 0.5859375 0.2178485576171875 0.584435095703125 0.32451923046875 0.54462139453125 0.32451923046875 0.5378605771484375 0.21484375 0.579927884765625 0.2178485576171875 0.5859375
0 0.1908052880859375 0.5033052880859376 0.31024639453125 0.506310095703125 0.31024639453125 0.499549279296875 0.19305889453125 0.4935396630859375 0.1908052880859375 0.5033052880859376
0 0.2884615380859375 0.558143029296875 0.3545673076171875 0.462740384765625 0.34405048046875 0.458984375 0.2734375 0.560396634765625 0.2884615380859375 0.558143029296875
0 0.1397235576171875 0.591947115234375 0.0518329326171875 0.5318509619140624 0.047325720703125 0.5401141826171875 0.13671875 0.597205529296875 0.1397235576171875 0.591947115234375
0 0.07587139453125 0.13897235546875 0.187049279296875 0.09014423046875 0.181790865234375 0.0811298076171875 0.0728665869140625 0.1322115380859375 0.07587139453125 0.13897235546875
0 0.18329326953125 0.09540264453125 0.184044470703125 0.103665865234375 0.2764423076171875 0.0480769228515625 0.2779447119140625 0.045072115234375 0.27118389453125 0.04131610546875 0.18329326953125 0.09540264453125
0 0.3072415869140625 0 0.269681490234375 0.0886418271484375 0.2734375 0.1006610576171875 0.314002404296875 0.0007512021484375 0.3170072119140625 0 0.3072415869140625 0
0 0.0398137021484375 0.4056490380859375 0.0067608173828125 0.31475360546875 0.00225360546875 0.3230168271484375 0.030799279296875 0.411658654296875 0.0398137021484375 0.4056490380859375
0 0.0495793271484375 0.423677884765625 0.01727764453125 0.333533654296875 0.0127704326171875 0.3365384619140625 0.04131610546875 0.42743389453125 0.0495793271484375 0.423677884765625
0 0.003756009765625 0.455228365234375 0.035306490234375 0.440955529296875 0.033052884765625 0.4402043271484375 0.0045072119140625 0.44921875 0.003756009765625 0.455228365234375
0 0.0345552880859375 0.43719951953125 0.0007512021484375 0.421424279296875 0 0.43194110546875 0.033052884765625 0.439453125 0.0345552880859375 0.43719951953125
0 0.238131009765625 0.7369290869140624 0.166015625 0.6400240380859376 0.1592548076171875 0.64453125 0.232872595703125 0.740685095703125 0.238131009765625 0.7369290869140624
0 0.289212740234375 0.785006009765625 0.223106970703125 0.691856970703125 0.2155949521484375 0.697115384765625 0.284705529296875 0.7865084130859376 0.289212740234375 0.785006009765625
0 0.281700720703125 0.743689904296875 0.203575720703125 0.6588040869140624 0.1960637021484375 0.6693209130859376 0.28094951953125 0.753455529296875 0.281700720703125 0.743689904296875
0 0.39287860546875 0.706881009765625 0.382361779296875 0.5926983173828125 0.372596154296875 0.599459134765625 0.384615384765625 0.7181490380859376 0.39287860546875 0.706881009765625
0 0.38837139453125 0.489783654296875 0.3778545673828125 0.482271634765625 0.3508112978515625 0.591947115234375 0.3568209130859375 0.597205529296875 0.38837139453125 0.489783654296875
0 0.3778545673828125 0.626502404296875 0.38837139453125 0.5183293271484375 0.38311298046875 0.511568509765625 0.3718449521484375 0.616736779296875 0.3778545673828125 0.626502404296875
0 0.099158654296875 0.7767427880859376 0.001502404296875 0.7098858173828125 0 0.7158954326171875 0.0931490380859375 0.7842548076171875 0.099158654296875 0.7767427880859376
0 0.13671875 0.792518029296875 0.0360576923828125 0.73467548046875 0.033052884765625 0.7429387021484375 0.12920673046875 0.7977764423828125 0.13671875 0.792518029296875
0 0.0480769228515625 0.82782451953125 0.0007512021484375 0.791015625 0 0.7977764423828125 0.045072115234375 0.833834134765625 0.0480769228515625 0.82782451953125
0 0.806790865234375 0.9187199521484375 0.8060396630859376 0.9112079326171875 0.7076322119140624 0.921724759765625 0.806790865234375 0.9187199521484375