0 0.0089165087890625 0.303682966796875 0.1236486455078125 0.2639476025390625 0.11300767578125 0.254384390625 0.0073262705078125 0.2940670302734375 0.0089165087890625 0.303682966796875
0 0.1303730888671875 0.167656423828125 0.05891295703125 0.2597952158203125 0.063818109375 0.270524216796875 0.141658841796875 0.17608350390625 0.1303730888671875 0.167656423828125
0 0.170052763671875 0.0609818779296875 0.100641767578125 0.172359130859375 0.11467676171875 0.1819025703125 0.181022072265625 0.0739403046875 0.170052763671875 0.0609818779296875
0 0.4562702578125 0.051387875 0.460941953125 0.041169271484375 0.369809501953125 0.00206698828125 0.36845271875 0.01339865625 0.4562702578125 0.051387875
0 0.35121163671875 0 0.350576697265625 0.002179029296875 0.439683798828125 0.037895982421875 0.44778907421875 0.0270911875 0.375096951171875 0 0.35121163671875 0
0 0.6364149326171875 0.1437595 0.580547703125 0.0450020107421875 0.570745416015625 0.0558166923828125 0.6256671884765626 0.1438221123046875 0.6364149326171875 0.1437595
0 0.5233283583984375 0.17612483203125 0.5150134130859375 0.1818351533203125 0.512165677734375 0.30358221875 0.522992533203125 0.30238676953125 0.5233283583984375 0.17612483203125
0 0.5670672763671875 0.2704234697265625 0.465460357421875 0.33272990234375 0.469155056640625 0.3445983330078125 0.5751172265625 0.27660464453125 0.5670672763671875 0.2704234697265625
0 0.6140138076171875 0.2135311552734375 0.607660869140625 0.20734009375 0.5527871962890625 0.31297077734375 0.5567192275390624 0.3214406962890625 0.6140138076171875 0.2135311552734375
0 0.6109287373046876 0.338676732421875 0.4962123701171875 0.3619925458984375 0.4985779501953125 0.3766996591796875 0.6165973388671875 0.346570345703125 0.6109287373046876 0.338676732421875
0 0.5297175029296874 0.368025431640625 0.5313077421875 0.3776413681640625 0.637562833984375 0.3702281171875 0.6411427421875 0.3594496865234375 0.5297175029296874 0.368025431640625
0 0.7216499951171875 0.37256920703125 0.59823087890625 0.3585672939453125 0.595295751953125 0.3682095927734375 0.7187939775390625 0.3810786689453125 0.7216499951171875 0.37256920703125
0 0.770138400390625 0.0506918056640625 0.8131257626953124 0.1557523974609375 0.818007126953125 0.150628267578125 0.7793869091796874 0.0478069873046875 0.770138400390625 0.0506918056640625
0 0.81286851953125 0.11895166015625 0.7580416279296875 0.0133938515625 0.7505020234375 0.0241953505859375 0.806369251953125 0.12295283984375 0.81286851953125 0.11895166015625
0 0.786112408203125 0.2753754873046875 0.71207649609375 0.1857828525390625 0.7023928759765625 0.19489827734375 0.7739168779296876 0.2799760380859375 0.786112408203125 0.2753754873046875
0 0.7075472548828124 0.2101553330078125 0.69737707421875 0.21814121484375 0.7770815849609375 0.315627462890625 0.7864368681640626 0.303116822265625 0.7075472548828124 0.2101553330078125
0 0.726341072265625 0.2406200146484375 0.8050210146484374 0.32848703125 0.8151911953125 0.3205011494140625 0.737116478515625 0.2320644189453125 0.726341072265625 0.2406200146484375
0 0.492263671875 0 0.473418576171875 0.03222678125 0.480027646484375 0.03752361328125 0.50450050390625 0 0.492263671875 0
0 0.462177087890625 0 0.4725066259765625 0.0339765986328125 0.4863847646484375 0.0334205947265625 0.4769377177734375 0 0.462177087890625 0
0 0.5763539775390625 0 0.5917704248046874 0.0376023583984375 0.6010388896484375 0.0354440986328125 0.5870129423828125 0 0.5763539775390625 0
0 0.7600552978515625 0 0.77584155078125 0.0400122685546875 0.788631728515625 0.0362518994140625 0.7704218994140625 0 0.7600552978515625 0
0 0.8063481103515625 0 0.8331601064453125 0.043184337890625 0.8464482880859375 0.0378258974609375 0.817547615234375 0 0.8063481103515625 0