0 0.569534361328125 0.8944944296875 0.5982077001953126 0.9549706787109375 0.606331203125 0.9543075625 0.5773333994140625 0.8930213671875 0.569534361328125 0.8944944296875
0 0.5859754765625 0.9051976220703125 0.5889841005859375 0.896567021484375 0.4904353427734375 0.8394432021484375 0.4822490185546875 0.8497465927734374 0.5859754765625 0.9051976220703125
0 0.620542125 0.669206427734375 0.62411777734375 0.8017857626953125 0.6324996513671876 0.80301505859375 0.6324187978515625 0.668044052734375 0.620542125 0.669206427734375
0 0.5745922099609375 0.7023260205078125 0.581680375 0.7099539580078125 0.64538918359375 0.6117386962890625 0.6449036435546875 0.6108157177734375 0.640340154296875 0.6069240771484375 0.5745922099609375 0.7023260205078125
0 0.5612028466796875 0.77307051953125 0.5726269423828125 0.776008251953125 0.6127101259765625 0.665656404296875 0.601059107421875 0.659452775390625 0.5612028466796875 0.77307051953125
0 0.5791474423828125 0.6371103056640625 0.6714050908203125 0.5862554345703125 0.6676827353515625 0.5800652587890625 0.57387085546875 0.6237138388671875 0.5791474423828125 0.6371103056640625
0 0.6428293251953126 0.5843734873046875 0.6389773427734375 0.576696794921875 0.550177400390625 0.5855832314453125 0.550599873046875 0.6003818154296875 0.6428293251953126 0.5843734873046875
0 0.51875464453125 0.590867560546875 0.51923827734375 0.5758426865234375 0.3972161953125 0.562410857421875 0.392524986328125 0.5729805517578125 0.51875464453125 0.590867560546875
0 0.5258240185546875 0.8474554765625 0.5351110458984375 0.84048455859375 0.4571722998046875 0.745652470703125 0.44471437890625 0.75740236328125 0.5258240185546875 0.8474554765625
0 0.4080828671875 0.77528424609375 0.40248555078125 0.7860802294921875 0.5164697958984374 0.833748322265625 0.5173746318359375 0.8228901328125 0.4080828671875 0.77528424609375
0 0.2932379873046875 0.702152380859375 0.3038196787109375 0.6967567470703125 0.237726548828125 0.611687048828125 0.224976734375 0.618098798828125 0.2932379873046875 0.702152380859375
0 0.1802268779296875 0.93748255078125 0.15870408203125 0.8999834765625 0.15018056640625 0.905405439453125 0.17105812109375 0.936783955078125 0.1802268779296875 0.93748255078125
0 0.1446924189453125 0.7363162978515625 0.1356279111328125 0.7380921484375 0.1574687607421875 0.8274120576171875 0.1560966337890625 0.8278767060546876 0.16609693359375 0.8278797333984375 0.1446924189453125 0.7363162978515625
0 0.1662730361328125 0.5257161904296875 0.1987162880859375 0.638111638671875 0.21257040234375 0.6359460244140624 0.1761124736328125 0.5272711865234375 0.1662730361328125 0.5257161904296875
0 0.201489849609375 0.2175535361328125 0.188929919921875 0.3422234091796875 0.19497462109375 0.341878673828125 0.2140208623046875 0.220118912109375 0.201489849609375 0.2175535361328125
0 0.303572791015625 0.9310239697265625 0.3129295556640625 0.9475935771484375 0.32111928515625 0.9467960830078125 0.3141930458984375 0.9316774384765625 0.303572791015625 0.9310239697265625
0 0.23067968359375 0.938479263671875 0.217785466796875 0.9063351298828125 0.2127131259765625 0.90594865234375 0.2220600205078125 0.939864654296875 0.23067968359375 0.938479263671875