0 0.9383718076171875 0.1404424208984375 0.9891520048828125 0.183906599609375 0.989714123046875 0.176488396484375 0.947066099609375 0.1431819375 0.9383718076171875 0.1404424208984375
0 0.673394806640625 0.512299533203125 0.794789427734375 0.5418988603515625 0.795105357421875 0.532770294921875 0.677897587890625 0.5001645400390625 0.673394806640625 0.512299533203125
0 0.9536051708984375 0.599438546875 0.95052012890625 0.5926988994140625 0.843810638671875 0.621941927734375 0.8460194736328125 0.6295590029296875 0.9536051708984375 0.599438546875
0 0.6934453984375 0.55899034375 0.6347898603515625 0.4663950673828125 0.6261224912109375 0.4691432265625 0.6803607802734375 0.5629420615234375 0.6934453984375 0.55899034375
0 0.61895699609375 0.5629154755859375 0.6082859521484375 0.4571787177734375 0.601501904296875 0.455329486328125 0.6092733505859375 0.564478275390625 0.61895699609375 0.5629154755859375
0 0.6588200205078125 0.5287587412109375 0.6485088828125 0.5428124794921875 0.7522894736328125 0.6066579736328125 0.7585808837890625 0.595951703125 0.6588200205078125 0.5287587412109375
0 0.597993134765625 0.48104309765625 0.592329216796875 0.4792584326171875 0.57089612890625 0.591893712890625 0.5800740341796875 0.5950739921875 0.597993134765625 0.48104309765625
0 0.7697716220703125 0.7125222177734375 0.851132275390625 0.6279978515625 0.8442216865234375 0.6232249599609375 0.75719274609375 0.7117308564453125 0.7697716220703125 0.7125222177734375
0 0.5758282783203125 0.5908523955078125 0.5642473583984375 0.58143575 0.5166223486328125 0.6979300185546875 0.5249737880859375 0.7043104267578125 0.5758282783203125 0.5908523955078125
0 0.78828412109375 0.6650053623046875 0.7869152763671875 0.6533272861328125 0.6792401025390625 0.7165830791015625 0.6826188095703125 0.7265874228515625 0.78828412109375 0.6650053623046875
0 0.6825520205078125 0.7637672080078125 0.6895529365234375 0.768280181640625 0.77144638671875 0.67729098828125 0.76136958984375 0.670943689453125 0.6825520205078125 0.7637672080078125
0 0.8783667421875 0.833201109375 0.8076985810546875 0.8591825517578126 0.8109618994140625 0.865419451171875 0.8737299677734375 0.8465436181640625 0.8783667421875 0.833201109375
0 0.5624747265625 0.953799462890625 0.4588004453125 0.941144525390625 0.4573880068359375 0.9475529599609375 0.55987301953125 0.9628487021484375 0.5624747265625 0.953799462890625
0 0.2401625634765625 0.8141940556640626 0.348655009765625 0.8542884541015625 0.353367091796875 0.8449398330078125 0.2453373603515625 0.803513955078125 0.2401625634765625 0.8141940556640626
0 0.0729241630859375 0.773316505859375 0.1855504794921875 0.8127437578125 0.1873856953125 0.799041671875 0.0840993271484375 0.7650195078125 0.0729241630859375 0.773316505859375
0 0.8228471103515625 0.1040413134765625 0.8344836416015625 0.1246714931640625 0.84262763671875 0.126615982421875 0.8401448203125 0.109491712890625 0.8228471103515625 0.1040413134765625
0 0.8558364228515625 0.8980330341796875 0.8083993173828125 0.9043526787109375 0.8072994091796875 0.9168826953125 0.8526554248046875 0.9071864873046875 0.8558364228515625 0.8980330341796875
0 0.840659521484375 0.941705193359375 0.7873816630859375 0.963103833984375 0.7914001005859375 0.974670697265625 0.8366309365234375 0.9532976142578125 0.840659521484375 0.941705193359375