0 0.305505525390625 0 0.2679196728515625 0.0848091044921875 0.2765933310546875 0.088664064453125 0.3141791845703125 0 0.305505525390625 0
0 0.184556177734375 0.0915552841796875 0.2780389404296875 0.0395133330078125 0.2708108916015625 0.029394064453125 0.1807012177734375 0.079026666015625 0.184556177734375 0.0915552841796875
0 0.187447396484375 0.074207966796875 0.17732812890625 0.0660161787109375 0.0717986171875 0.1103482099609375 0.0713167470703125 0.12624991796875 0.187447396484375 0.074207966796875
0 0.0130104873046875 0.31273357421875 0.00626430859375 0.3242984521484375 0.0414408125 0.4187449560546875 0.0491507314453125 0.407661947265625 0.0130104873046875 0.31273357421875
0 0 0.3194797529296875 0.0289121953125 0.3956152001953125 0.0371039833984375 0.386941541015625 0 0.2934587783203125 0 0.3194797529296875
0 0.042404552734375 0.51415519921875 0.042404552734375 0.513191458984375 0.0385495927734375 0.5223469873046875 0.131550486328125 0.58595381640625 0.134923576171875 0.5792076376953125 0.042404552734375 0.51415519921875
0 0.182628697265625 0.490061703125 0.3083967451171875 0.4982534912109375 0.307914875 0.48861609375 0.185038046875 0.48379739453125 0.182628697265625 0.490061703125
0 0.2072040634765625 0.5613784501953125 0.2144321123046875 0.57776202734375 0.326225931640625 0.5281294267578125 0.318516013671875 0.5213832470703125 0.2072040634765625 0.5613784501953125
0 0.3459825986328125 0.4466934111328125 0.272256501953125 0.540176173828125 0.2900856884765625 0.5536685322265625 0.353692517578125 0.452475849609375 0.3459825986328125 0.4466934111328125
0 0.3787497529296875 0.4678956865234375 0.3426095087890625 0.5811351171875 0.356583736328125 0.5825807265625 0.3859778017578125 0.4698231669921875 0.3787497529296875 0.4678956865234375
0 0.3932058505859375 0.503554060546875 0.3811591025390625 0.5025903212890624 0.3724854443359375 0.611492921875 0.3787497529296875 0.6110110517578125 0.3932058505859375 0.503554060546875
0 0.3787497529296875 0.7073850341796875 0.391760240234375 0.7001569853515625 0.384050322265625 0.5792076376953125 0.3691123544921875 0.5840263359375 0.3787497529296875 0.7073850341796875
0 0.1407060146484375 0.621612189453125 0.211540892578125 0.716058693359375 0.221178291015625 0.7073850341796875 0.1532346328125 0.614384140625 0.1407060146484375 0.621612189453125
0 0.1170943896484375 0.787857310546875 0.120467478515625 0.7801473916015625 0.023129755859375 0.71991365234375 0.018311056640625 0.73436975 0.1170943896484375 0.787857310546875
0 0.0833634951171875 0.7632819443359375 0.0004818701171875 0.7020844658203125 0.0028912197265625 0.717504302734375 0.074207966796875 0.7738830830078125 0.0833634951171875 0.7632819443359375
0 0.1816649580078125 0.63992324609375 0.2659921923828125 0.733406009765625 0.2732202412109375 0.7266598310546875 0.190820486328125 0.634622677734375 0.1816649580078125 0.63992324609375
0 0.205758453125 0.6765453603515625 0.2659921923828125 0.773401212890625 0.278520810546875 0.7594269853515625 0.2134683720703125 0.672690400390625 0.205758453125 0.6765453603515625
0 0.736779099609375 0.9116978779296875 0.632213328125 0.9116978779296875 0.6336589375 0.9189259267578125 0.736779099609375 0.918444056640625 0.736779099609375 0.9116978779296875
0 0 0.4478861298828125 0.031820279296875 0.4287939619140625 0.0267703271484375 0.4228958408203125 0 0.4299769345703125 0 0.4478861298828125
0 0.0345628779296875 0.416933548828125 0.0003794443359375 0.40554744140625 0 0.4197152080078125 0.033859791015625 0.4294803095703125 0.0345628779296875 0.416933548828125
0 0 0.7583605458984375 0.0426260615234375 0.77727415234375 0.043887154296875 0.7688092041015625 0 0.7423457802734374 0 0.7583605458984375
0 0 0.7984114111328126 0.045792744140625 0.8333565234375 0.051598794921875 0.8245177119140625 0 0.7880883046875 0 0.7984114111328126
0 0.9218894951171875 0.8319782958984375 0.9935140673828124 0.870410650390625 0.9935140673828124 0.857675572265625 0.9213931103515625 0.8252466630859375 0.9218894951171875 0.8319782958984375