0 0.7739128505859375 0.6444532275390625 0.901795818359375 0.645386404296875 0.9052160146484375 0.6362809296875 0.770570833984375 0.63215065625 0.7739128505859375 0.6444532275390625
0 0.72620255078125 0.6013492919921875 0.673847498046875 0.6788035654296874 0.6865382744140625 0.6896102548828125 0.7342779658203125 0.610449275390625 0.72620255078125 0.6013492919921875
0 0.678256181640625 0.5680639462890625 0.672317390625 0.6637658681640625 0.686471849609375 0.6621123359375 0.69265999609375 0.5620914072265625 0.678256181640625 0.5680639462890625
0 0.7126663662109375 0.64386106640625 0.80595621875 0.6008140498046876 0.795471310546875 0.589043099609375 0.702385080078125 0.6357253427734375 0.7126663662109375 0.64386106640625
0 0.7598365712890625 0.624698712890625 0.8713252333984375 0.587297947265625 0.86980841015625 0.577759833984375 0.754492306640625 0.6169956259765625 0.7598365712890625 0.624698712890625
0 1 0.5935040263671875 0.952206111328125 0.51567141796875 0.9410587275390625 0.5254020078125 1 0.60957126953125 1 0.5935040263671875
0 0.841273650390625 0.4875739736328125 0.9436202314453125 0.5641154140625 0.9472174814453125 0.54764599609375 0.851121119140625 0.4774400791015625 0.841273650390625 0.4875739736328125
0 0.864276630859375 0.4386570224609375 0.92072047265625 0.548217935546875 0.932846115234375 0.5401647197265625 0.87843108984375 0.437003490234375 0.864276630859375 0.4386570224609375
0 0.621344548828125 0.3992816806640625 0.6574958681640625 0.5237042890625 0.670993728515625 0.5190993134765625 0.6349147109375 0.3977216396484375 0.621344548828125 0.3992816806640625
0 0.7344665400390625 0.312104181640625 0.823479029296875 0.3803870712890625 0.832289224609375 0.371030451171875 0.7438610322265625 0.3026540693359375 0.7344665400390625 0.312104181640625
0 0.7221416240234375 0.2376636396484375 0.81128543359375 0.306536818359375 0.8154212490234375 0.297928138671875 0.7288772705078125 0.2298615673828125 0.7221416240234375 0.2376636396484375
0 0.8522805458984375 0.1508197919921875 0.92942850390625 0.1739309267578125 0.929723591796875 0.1616576884765625 0.8530286103515625 0.1378627734375 0.8522805458984375 0.1508197919921875
0 0.5904488505859375 0.165206537109375 0.6906220087890625 0.2292584208984375 0.69968155859375 0.215582794921875 0.5872248681640625 0.1479946708984375 0.5904488505859375 0.165206537109375
0 0.201870333984375 0.1919269345703125 0.3167733154296875 0.16987367578125 0.30804130078125 0.15782225 0.1917070849609375 0.1788819150390625 0.201870333984375 0.1919269345703125
0 0.1233000751953125 0.252180326171875 0.0173849716796875 0.2712887236328125 0.0178658076171875 0.2787920673828125 0.127607064453125 0.2606606865234375 0.1233000751953125 0.252180326171875
0 0.95501998046875 0.1257696337890625 0.9244371171875 0.10723903515625 0.92028615625 0.11947626171875 0.9583702373046875 0.1408291796875 0.95501998046875 0.1257696337890625
0 0.9676453076171875 0.1825210029296875 0.9326346513671875 0.1727982099609375 0.927065416015625 0.17520592578125 0.969887861328125 0.19260137890625 0.9676453076171875 0.1825210029296875
0 1 0.5903546162109375 0.9885971806640625 0.5861422255859375 0.9848040234375 0.596260357421875 1 0.602367412109375 1 0.5903546162109375
0 0.0726336611328125 0.2028901650390625 0.0131872841796875 0.2057847197265625 0.0140744404296875 0.2196286103515625 0.075957609375 0.2215106884765625 0.0726336611328125 0.2028901650390625