0 0.0629959541015625 0.22778964453125 0.009837501953125 0.19530530078125 0.009246740234375 0.2066732509765625 0.061712533203125 0.2395077509765625 0.0629959541015625 0.22778964453125
0 0.088264734375 0.2969927470703125 0.053746751953125 0.186262998046875 0.0435809541015625 0.192845865234375 0.0736577470703125 0.301007994140625 0.088264734375 0.2969927470703125
0 0.170922498046875 0.3588417470703125 0.0934867626953125 0.2694870546875 0.089731484375 0.278925396484375 0.1677240693359375 0.3696028369140625 0.170922498046875 0.3588417470703125
0 0.2942225458984375 0.23506806640625 0.1652177529296875 0.216380796875 0.16498009765625 0.2233992021484375 0.296626525390625 0.2463659296875 0.2942225458984375 0.23506806640625
0 0.3979993857421875 0.208595306640625 0.3278302431640625 0.2506448310546875 0.33320180078125 0.2622071884765625 0.4007904375 0.21921622265625 0.3979993857421875 0.208595306640625
0 0.3001849189453125 0.25162576953125 0.1827109951171875 0.2627236787109375 0.181570189453125 0.276776060546875 0.302032048828125 0.26160088671875 0.3001849189453125 0.25162576953125
0 0.3674681357421875 0.25739790234375 0.2501639873046875 0.2704955068359375 0.25153575390625 0.2781441357421875 0.368378146484375 0.2707343994140625 0.3674681357421875 0.25739790234375
0 0.39215937890625 0.2314402333984375 0.3544639853515625 0.3234893818359375 0.369933408203125 0.3211236767578125 0.395045470703125 0.2327084697265625 0.3924649658203125 0.23176702734375 0.39215937890625 0.2314402333984375
0 0.1209763564453125 0.40542715625 0.130150712890625 0.40287483203125 0.11608658203125 0.28565538671875 0.1041076220703125 0.2859357353515625 0.1209763564453125 0.40542715625
0 0.372215734375 0.5057417744140625 0.3716109248046875 0.378188990234375 0.3614179658203125 0.3851064365234375 0.3578871728515625 0.51041839453125 0.372215734375 0.5057417744140625
0 0.2049245107421875 0.508655119140625 0.137627466796875 0.429415439453125 0.1309046103515625 0.4385892890625 0.197040435546875 0.519859814453125 0.2049245107421875 0.508655119140625
0 0.1693545625 0.5786141640625 0.1105595712890625 0.4928305556640625 0.10414910546875 0.506338376953125 0.16026849609375 0.5841699267578125 0.1693545625 0.5786141640625
0 0.2052441455078125 0.6479026494140625 0.1921239384765625 0.5313290029296875 0.17905169140625 0.54098539453125 0.194569017578125 0.6484864287109375 0.2052441455078125 0.6479026494140625
0 0.3743351982421875 0.7250939501953125 0.335688583984375 0.6652204462890625 0.3278316708984375 0.6760905595703125 0.36886865625 0.7392475712890625 0.3743351982421875 0.7250939501953125
0 0.322759390625 0.8081174912109375 0.2266558583984375 0.7482528935546875 0.22139980859375 0.755722689453125 0.3215846171875 0.8184972763671875 0.322759390625 0.8081174912109375
0 0.54765019921875 0.8238928134765625 0.43490938671875 0.8135074794921875 0.4308756845703125 0.8222844482421875 0.54691682421875 0.83292648828125 0.54765019921875 0.8238928134765625
0 0.5409427158203125 0.7656141337890625 0.6611581328125 0.7634638818359375 0.6618303818359375 0.751092189453125 0.5439829375 0.7545181083984375 0.5409427158203125 0.7656141337890625