0 0.36269603515625 0.0377108701171875 0.3135942685546875 0.016434779296875 0.2960434677734375 0.01551498046875 0.3603181279296875 0.0439835185546875 0.36269603515625 0.0377108701171875
0 0.3407555771484375 0.02587836328125 0.323021552734375 0.016928841796875 0.3112109267578125 0.0163098740234375 0.3384650107421875 0.030655099609375 0.3407555771484375 0.02587836328125
0 0.511775724609375 0.1244527197265625 0.458028826171875 0.0275233330078125 0.4472042392578125 0.0295917041015625 0.5013901279296875 0.128168771484375 0.511775724609375 0.1244527197265625
0 0.44174295703125 0.3247908193359375 0.441700490234375 0.197188099609375 0.427679048828125 0.18984526171875 0.431729140625 0.3221392431640625 0.44174295703125 0.3247908193359375
0 0.608459185546875 0.1826392978515625 0.5089558955078125 0.117750458984375 0.5039878388671875 0.12950890234375 0.6080874052734375 0.1890069248046875 0.608459185546875 0.1826392978515625
0 0.469408814453125 0.3367675439453125 0.5084559345703125 0.2271442529296875 0.498720953125 0.21971695703125 0.4616156826171875 0.3327471494140625 0.469408814453125 0.3367675439453125
0 0.4827429169921875 0.2917176865234375 0.4043478603515625 0.3694534765625 0.41101516015625 0.3744235986328125 0.4842200400390625 0.3030841220703125 0.4827429169921875 0.2917176865234375
0 0.5031223369140625 0.3643271015625 0.40261288671875 0.399169072265625 0.404962744140625 0.4047542880859375 0.5052243408203125 0.3741574033203125 0.5031223369140625 0.3643271015625
0 0.5388086904296875 0.39476292578125 0.4296486181640625 0.4036053525390625 0.4323135390625 0.4129607900390625 0.5436942958984375 0.4027495458984375 0.5388086904296875 0.39476292578125
0 0.5394388173828125 0.4023033681640625 0.537285341796875 0.4116874931640625 0.6580397939453125 0.433424326171875 0.6601313037109375 0.4251014716796875 0.5394388173828125 0.4023033681640625
0 0.6459587109375 0.2645180888671875 0.5529778095703125 0.17041560546875 0.546599837890625 0.17882291796875 0.641770443359375 0.2720872197265625 0.6459587109375 0.2645180888671875
0 0.6892208291015625 0.2476986572265625 0.573826705078125 0.189151962890625 0.5711103134765625 0.1990109521484375 0.6827808955078125 0.257167240234375 0.6892208291015625 0.2476986572265625
0 0.9091645 0.44053430859375 0.90265636328125 0.3320073837890625 0.888733111328125 0.33214921875 0.90015258984375 0.439055546875 0.9091645 0.44053430859375
0 0.8321436279296875 0.5680653876953125 0.8221308037109375 0.6753940126953125 0.830894861328125 0.681117857421875 0.8465563046875 0.5679795791015625 0.8321436279296875 0.5680653876953125
0 0.8318415400390625 0.8573988232421875 0.8465693203125 0.7334802626953125 0.8351818173828125 0.7360234990234376 0.820887779296875 0.8525131611328125 0.8318415400390625 0.8573988232421875
0 0.01742692578125 0.148632361328125 0.0684215966796875 0.0513774052734375 0.0572534931640625 0.042079595703125 0.0187583134765625 0.134549947265625 0.01742692578125 0.148632361328125
0 0.696999294921875 0.0461721875 0.737154919921875 0.1092904873046875 0.747957142578125 0.1063806904296875 0.710817443359375 0.047620986328125 0.696999294921875 0.0461721875
0 0.770960298828125 0.056157673828125 0.7871954697265625 0.1037574287109375 0.79470200390625 0.1045444697265625 0.7780918525390625 0.0555914853515625 0.770960298828125 0.056157673828125
0 0.8127837470703125 0.058311900390625 0.8458518857421875 0.1055463310546875 0.8517635341796875 0.1018749658203125 0.82044069140625 0.0591147119140625 0.8127837470703125 0.058311900390625
0 0.010096779296875 0.265457927734375 0.0316957216796875 0.25772462890625 0.0276760224609375 0.2435478994140625 0.0110647021484375 0.2488799169921875 0.010096779296875 0.265457927734375