0 0.9732432705078125 0.387964962890625 0.86321115234375 0.3384523330078125 0.856876935546875 0.3469612099609375 0.96334824609375 0.39841653125 0.9732432705078125 0.387964962890625
0 0.8544732724609375 0.2585804404296875 0.9097662490234375 0.3547408828125 0.918753880859375 0.348754642578125 0.86159488671875 0.2546950576171875 0.8544732724609375 0.2585804404296875
0 0.874725111328125 0.2616079541015625 0.8867514296875 0.2530615439453125 0.8366115771484375 0.141456982421875 0.8265368935546875 0.1467730224609375 0.874725111328125 0.2616079541015625
0 0.666761548828125 0.065163390625 0.6612240830078125 0.0544444609375 0.5650088994140625 0.0851401455078125 0.572051083984375 0.093959076171875 0.666761548828125 0.065163390625
0 0.6469240673828125 0.0755546240234375 0.642427236328125 0.0660663818359375 0.54835821875 0.095375357421875 0.5499616962890626 0.1041401484375 0.6469240673828125 0.0755546240234375
0 0.359247 0.181402107421875 0.36963700390625 0.1839390263671875 0.43910794921875 0.0999127138671875 0.42748560546875 0.0929507998046875 0.359247 0.181402107421875
0 0.4630465009765625 0.2236100458984375 0.4505903154296875 0.351747162109375 0.46295573046875 0.3540766201171875 0.4737077255859375 0.2277395439453125 0.4630465009765625 0.2236100458984375
0 0.502593052734375 0.384419341796875 0.402768517578125 0.3104533798828125 0.3996961494140625 0.3199620732421875 0.4990135380859375 0.3954479755859375 0.502593052734375 0.384419341796875
0 0.46544898046875 0.4142572978515625 0.354921197265625 0.378082328125 0.3541249501953125 0.388587076171875 0.4667166162109375 0.423387390625 0.46544898046875 0.4142572978515625
0 0.4343021923828125 0.4270231904296875 0.4343200703125 0.41644580078125 0.3186323515625 0.3966374052734375 0.31987049609375 0.4061565634765625 0.4343021923828125 0.4270231904296875
0 0.4051321923828125 0.362001990234375 0.42000384765625 0.35712082421875 0.37991393359375 0.2448461181640625 0.3662040234375 0.244742087890625 0.4051321923828125 0.362001990234375
0 0.2414675791015625 0.4011904814453125 0.2438142939453125 0.41159673046875 0.365464 0.409627962890625 0.363146775390625 0.3988326484375 0.2414675791015625 0.4011904814453125
0 0.262141865234375 0.0508764736328125 0.254263908203125 0.046223091796875 0.1840909951171875 0.144681119140625 0.189510080078125 0.1455786748046875 0.262141865234375 0.0508764736328125
0 0.1709525595703125 0.173233056640625 0.1800923466796875 0.18192237109375 0.23909688671875 0.08085478125 0.231431169921875 0.0785721083984375 0.1709525595703125 0.173233056640625
0 0.2827595908203125 0.2287264453125 0.2732896025390625 0.219222681640625 0.1892066103515625 0.2995344169921875 0.196901818359375 0.301428025390625 0.2827595908203125 0.2287264453125
0 0.2800290380859375 0.2492379130859375 0.273436595703125 0.243137232421875 0.184423787109375 0.331608865234375 0.1873013349609375 0.3350119482421875 0.2800290380859375 0.2492379130859375
0 0.2425373447265625 0.262978931640625 0.153218017578125 0.3451528857421875 0.1566969892578125 0.3509629990234375 0.2468536650390625 0.2680835576171875 0.2425373447265625 0.262978931640625
0 0.5356718642578125 0.079315359375 0.5182752041015625 0.039900171875 0.5111111416015625 0.0402981181640625 0.5296199580078125 0.0854613525390625 0.5356718642578125 0.079315359375
0 0.536875439453125 0.080931619140625 0.55282136328125 0.0446581015625 0.5484797236328125 0.0423355458984375 0.529111763671875 0.07745834375 0.536875439453125 0.080931619140625
0 0.2312063359375 0.0660766630859375 0.2584221513671875 0.0195820595703125 0.247014560546875 0.01871764453125 0.2224512451171875 0.05947303125 0.2312063359375 0.0660766630859375
0 0.17262378125 0.061325439453125 0.213535275390625 0.0161807353515625 0.2045782236328125 0.0155020107421875 0.169655193359375 0.058501888671875 0.17262378125 0.061325439453125