0 0.814798095703125 0.96578544140625 0.93246987109375 0.9179603974609375 0.9232383173828125 0.906481599609375 0.8016974716796875 0.957173216796875 0.814798095703125 0.96578544140625
0 0.806900521484375 0.940078265625 0.740902859375 0.974736646484375 0.757447255859375 0.9741589033203125 0.8116890244140625 0.9468686005859375 0.806900521484375 0.940078265625
0 0.7200218623046875 0.9335304013671875 0.6968045634765625 0.9762765927734375 0.7051981552734375 0.975983482421875 0.726226720703125 0.9357346416015625 0.7200218623046875 0.9335304013671875
0 0.9721730400390625 0.6202070419921875 0.962906939453125 0.621721822265625 0.99063348046875 0.7152613408203125 0.9992232919921875 0.70912390625 0.9721730400390625 0.6202070419921875
0 1 0.69573110546875 0.98118536328125 0.637969517578125 0.9762068603515625 0.6366250361328125 0.9986586083984375 0.713305712890625 1 0.7061232607421875 1 0.69573110546875
0 0.89637146875 0.4642100322265625 0.9809169873046875 0.5256280322265625 0.990806232421875 0.518255798828125 0.8991603349609375 0.4562945810546875 0.89637146875 0.4642100322265625
0 0.82304558203125 0.5328745224609375 0.7002832880859375 0.527012580078125 0.7026190791015625 0.5320833935546875 0.824074880859375 0.543846197265625 0.82304558203125 0.5328745224609375
0 0.6545453642578125 0.5656152041015625 0.736974341796875 0.483641060546875 0.7265695771484375 0.481782609375 0.648992880859375 0.5567156865234375 0.652525796875 0.5634840849609375 0.6545453642578125 0.5656152041015625
0 0.69010838671875 0.4945589443359375 0.6935974560546875 0.502584078125 0.8057645771484375 0.468495376953125 0.8024070458984375 0.4567000380859375 0.69010838671875 0.4945589443359375
0 0.6631684072265625 0.4504948916015625 0.6169853740234374 0.5498689755859375 0.62353568359375 0.5541750869140625 0.66941711328125 0.451442396484375 0.6631684072265625 0.4504948916015625
0 0.6464431943359376 0.413735142578125 0.636817025390625 0.413566962890625 0.614557908203125 0.5234190341796875 0.6245441435546875 0.5252701728515625 0.6464431943359376 0.413735142578125
0 0.6232965576171875 0.3089581259765625 0.628382666015625 0.4272521220703125 0.640086865234375 0.4278757744140625 0.632173359375 0.3065982099609375 0.6232965576171875 0.3089581259765625
0 0.769319224609375 0.31504541015625 0.8462130927734375 0.4134528232421875 0.8531726337890625 0.40602940625 0.777388328125 0.309554431640625 0.769319224609375 0.31504541015625
0 0.8397757216796875 0.3819028193359375 0.7878382734375 0.274107796875 0.780650203125 0.276078048828125 0.829137111328125 0.3867469580078125 0.8397757216796875 0.3819028193359375
0 0.8340053408203125 0.343238626953125 0.88851242578125 0.449401876953125 0.9011852197265625 0.4462699462890625 0.842361306640625 0.3438037822265625 0.8340053408203125 0.343238626953125
0 1 0.2803088017578125 0.9369821044921876 0.2364734462890625 0.9309619296875 0.2409791064453125 1 0.2924785888671875 1 0.2803088017578125
0 0.500496177734375 0.0716599072265625 0.610797849609375 0.0790361640625 0.6123311279296875 0.0710987763671875 0.5003114951171875 0.064950005859375 0.500496177734375 0.0716599072265625
0 0.328483384765625 0.1285955703125 0.213514115234375 0.13497028125 0.21176160546875 0.149191345703125 0.3284342216796875 0.14200805859375 0.329004220703125 0.1256704990234375 0.328483384765625 0.1285955703125
0 1 0.2307731171875 0.973004193359375 0.2129101171875 0.9701534130859375 0.2226295380859375 1 0.2403172978515625 1 0.2307731171875
0 1 0.1737299169921875 0.9744188955078125 0.149732568359375 0.965244298828125 0.1630463134765625 1 0.1900595029296875 1 0.1737299169921875
0 1 0.6198722373046875 0.9836449580078125 0.611620193359375 0.9832693427734375 0.622386244140625 1 0.626041265625 1 0.6198722373046875