0 0.149314060546875 0.1959070615234375 0.11521997265625 0.0774640576171875 0.09664841015625 0.0736464892578125 0.1298649560546875 0.20070017578125 0.149314060546875 0.1959070615234375
0 0.1798793056640625 0.3247090703125 0.1719791279296875 0.191914009765625 0.1611283662109375 0.1932277548828125 0.1674205634765625 0.325622783203125 0.1798793056640625 0.3247090703125
0 0.46565015234375 0.2304596875 0.3897621474609375 0.2228172900390625 0.3956418623046875 0.237924849609375 0.47522448828125 0.241670572265625 0.46565015234375 0.2304596875
0 0.24506480078125 0.4211894150390625 0.18462347265625 0.326691953125 0.1731344990234375 0.33426801171875 0.2380806640625 0.433096724609375 0.24506480078125 0.4211894150390625
0 0.43042511328125 0.51947440625 0.4283984248046875 0.39375899609375 0.416903224609375 0.393307146484375 0.41016579296875 0.516039595703125 0.43042511328125 0.51947440625
0 0.4471770419921875 0.2499430556640625 0.41193725390625 0.3126107568359375 0.4231931240234375 0.315410974609375 0.4639012919921875 0.2557089599609375 0.4471770419921875 0.2499430556640625
0 0.2478479765625 0.6931727705078125 0.1900455009765625 0.5808711708984375 0.1764636611328125 0.584716025390625 0.23675788671875 0.6968348828125 0.2478479765625 0.6931727705078125
0 0.3049200126953125 0.796463658203125 0.260858931640625 0.6787516240234375 0.2454297802734375 0.68454481640625 0.29455413671875 0.8011085751953125 0.3049200126953125 0.796463658203125
0 0.40142887109375 0.7554594677734375 0.39715598828125 0.635606341796875 0.3785906513671875 0.639816681640625 0.391056767578125 0.7520764765625 0.40142887109375 0.7554594677734375
0 0.196316724609375 0.4788912744140625 0.1435101962890625 0.382280005859375 0.1367591640625 0.3838110380859375 0.196316724609375 0.4788912744140625
0 0.5024437138671874 0.8239321279296875 0.3876139267578125 0.7696805986328125 0.3795864697265625 0.783736259765625 0.4937718203125 0.8362221953125 0.5024437138671874 0.8239321279296875
0 0.413359154296875 0.69501922265625 0.377595982421875 0.601042703125 0.371489388671875 0.6043393291015625 0.400182421875 0.7029780400390625 0.413359154296875 0.69501922265625
0 0.2236959833984375 0.5418871630859375 0.2305194169921875 0.4263998330078125 0.216771798828125 0.4237823583984375 0.2076959453125 0.5371040615234375 0.2236959833984375 0.5418871630859375
0 0.42694262109375 0.2786198779296875 0.308105330078125 0.2394240888671875 0.3116528505859375 0.2531488115234375 0.4304103642578125 0.293127390625 0.42694262109375 0.2786198779296875
0 0.2366299365234375 0.2208399150390625 0.3659926591796875 0.2538252080078125 0.3650166650390625 0.239134955078125 0.234444845703125 0.20183568359375 0.2322111015625 0.223753783203125 0.2366299365234375 0.2208399150390625
0 0.849436126953125 0.897414189453125 0.723780478515625 0.8765880390625 0.7248362490234375 0.8904955029296875 0.85459162890625 0.9115389423828125 0.849436126953125 0.897414189453125
0 0.2224534609375 0.287142443359375 0.1529226806640625 0.18476526953125 0.14118815234375 0.1866617880859375 0.2168317509765625 0.2937702431640625 0.2224534609375 0.287142443359375
0 0.840875947265625 0.9881384482421876 0.8378776904296875 0.98043461328125 0.7843049169921875 0.9822505986328125 0.787428390625 0.9928506171875 0.840875947265625 0.9881384482421876
0 0.3505244541015625 0.2305101923828125 0.35213193359375 0.2240096142578125 0.236352521484375 0.16392399609375 0.232627462890625 0.1726579599609375 0.3505244541015625 0.2305101923828125
0 0.0709043525390625 0.099762443359375 0.1211081865234375 0.1403140439453125 0.124509607421875 0.13011946875 0.072047455078125 0.0885460146484375 0.0709043525390625 0.099762443359375