0 0 0.37744616796875 0.068113724609375 0.3431060546875 0.0640840810546875 0.329514171875 0 0.3653913212890625 0 0.37744616796875
0 0.0611462958984375 0.2396519755859375 0.0095278837890625 0.3445603310546875 0.0198038095703125 0.3513909208984375 0.0742252685546875 0.2470193212890625 0.0611462958984375 0.2396519755859375
0 0.03932625390625 0.2466729482421875 0.0498860703125 0.25164223046875 0.0936509345703125 0.136388451171875 0.0863472431640625 0.1318953232421875 0.03932625390625 0.2466729482421875
0 0.3534196181640625 0.0642655771484375 0.25765075390625 0.04106393359375 0.2534583671875 0.0452713427734375 0.34935412109375 0.069823517578125 0.3534196181640625 0.0642655771484375
0 0.3734639111328125 0.0725246357421875 0.2781058271484375 0.0488122158203125 0.2770125634765625 0.056707619140625 0.373403689453125 0.081649369140625 0.3734639111328125 0.0725246357421875
0 0.478232541015625 0.3233512080078125 0.465398794921875 0.196522556640625 0.452894046875 0.20503259765625 0.462701078125 0.3240610654296875 0.478232541015625 0.3233512080078125
0 0.4900434443359375 0.063313607421875 0.479012626953125 0.0679798359375 0.55362096875 0.1491676455078125 0.561480255859375 0.144925615234375 0.4900434443359375 0.063313607421875
0 0.5218117001953125 0.2842465419921875 0.428394916015625 0.3642046220703125 0.434605345703125 0.3765931513671875 0.525134490234375 0.2951979638671875 0.5218117001953125 0.2842465419921875
0 0.5472370166015625 0.217940775390625 0.5462885693359375 0.217611796875 0.5085828740234375 0.3338784892578125 0.5155058984375 0.334320025390625 0.5546131171875 0.2183217109375 0.5472370166015625 0.217940775390625
0 0.5735906259765625 0.3470636279296875 0.4623218154296875 0.388384384765625 0.46551771484375 0.397985275390625 0.575880375 0.3567857177734375 0.5735906259765625 0.3470636279296875
0 0.4955354169921875 0.3903236875 0.496339048828125 0.3988770458984375 0.60839356640625 0.3756845595703125 0.6084114921875 0.366109646484375 0.4955354169921875 0.3903236875
0 0.6889564501953125 0.36399747265625 0.56524241015625 0.370516080078125 0.5644875185546875 0.3820128984375 0.691656978515625 0.3732087861328125 0.6889564501953125 0.36399747265625
0 0.7497303447265625 0.127040201171875 0.6910398759765625 0.0346066689453125 0.68160987890625 0.0367796142578125 0.7425779111328125 0.1339226923828125 0.7497303447265625 0.127040201171875
0 0.7367474462890625 0.0913982978515625 0.673547625 0.0156769951171875 0.662036556640625 0.015409072265625 0.73108112890625 0.0994495205078125 0.7367474462890625 0.0913982978515625
0 0.7090116455078125 0.0208070654296875 0.70613155078125 0.01643539453125 0.6933189873046876 0.0161371787109375 0.702976845703125 0.0298192421875 0.7090116455078125 0.0208070654296875
0 0.6415068779296875 0.2007736865234375 0.6334181796875 0.2123397451171875 0.7230382421875 0.2824030322265625 0.7310122353515625 0.27449898828125 0.6415068779296875 0.2007736865234375
0 0.7290121181640625 0.2483281357421875 0.632668326171875 0.1750616513671875 0.6257696728515625 0.184645203125 0.7211951259765625 0.25302034375 0.7290121181640625 0.2483281357421875
0 0.768950150390625 0.28765808984375 0.67154320703125 0.2177246416015625 0.664559958984375 0.22640783984375 0.76468535546875 0.2959776904296875 0.768950150390625 0.28765808984375
0 0.3972442099609375 0.019232166015625 0.38339487890625 0.056809791015625 0.3899749912109375 0.0624141005859375 0.4080017841796875 0.020797283203125 0.3972442099609375 0.019232166015625
0 0.3650773466796875 0.0235046123046875 0.384103291015625 0.0641524306640625 0.3943423974609375 0.0620486318359375 0.3735336328125 0.0223735703125 0.3650773466796875 0.0235046123046875