0 0.3301688984375 0.3093990546875 0.403221453125 0.2628459560546875 0.3924784296875 0.2435085146484375 0.313696263671875 0.297939830078125 0.3301688984375 0.3093990546875
0 0.3860326162109375 0.270007970703125 0.3616817646484375 0.35451975 0.3695599814453125 0.358816958984375 0.3996404453125 0.268575568359375 0.3860326162109375 0.270007970703125
0 0.3681275791015625 0.4297209091796875 0.3724247880859375 0.5564885771484375 0.386748818359375 0.5529075693359375 0.3810192060546875 0.4189778857421875 0.3681275791015625 0.4297209091796875
0 0.0465530986328125 0.229184484375 0.032229068359375 0.2363465 0.077349763671875 0.3480739365234375 0.073768755859375 0.3530873466796875 0.0909575927734375 0.339479517578125 0.0465530986328125 0.229184484375
0 0.089525189453125 0.322290681640625 0.166874953125 0.411099669921875 0.1776179755859375 0.3967756396484375 0.0938223984375 0.3086828525390625 0.089525189453125 0.322290681640625
0 0.1654425498046875 0.26571076171875 0.2914940166015625 0.289345412109375 0.2886292109375 0.2757375830078125 0.1604291396484375 0.25210293359375 0.1654425498046875 0.26571076171875
0 0.29865603125 0.305101845703125 0.2993722333984375 0.2965074267578125 0.1819151845703125 0.306534248046875 0.1811989833984375 0.305101845703125 0.17546937109375 0.3208582783203125 0.29865603125 0.305101845703125
0 0.249238126953125 0.3079666513671875 0.247805724609375 0.318709673828125 0.362397966796875 0.31441246484375 0.367411376953125 0.301520837890625 0.249238126953125 0.3079666513671875
0 0.1009844140625 0.3301688984375 0.13034867578125 0.4483421484375 0.1496861162109375 0.4469097451171875 0.118889451171875 0.325871689453125 0.1009844140625 0.3301688984375
0 0.1446727060546875 0.482003619140625 0.22059006640625 0.567231599609375 0.2270358798828125 0.5564885771484375 0.1532671240234375 0.4712605966796875 0.1446727060546875 0.482003619140625
0 0.1289162724609375 0.555056173828125 0.191942005859375 0.6324059375 0.20698223828125 0.6216629150390625 0.1375106904296875 0.542164546875 0.1289162724609375 0.555056173828125
0 0.19982022265625 0.5937310556640625 0.2349140966796875 0.7040260888671875 0.249238126953125 0.701161283203125 0.2177252607421875 0.59229865234375 0.19982022265625 0.5937310556640625
0 0.3659789736328125 0.734106552734375 0.4426125361328125 0.8021456962890625 0.4469097451171875 0.79068647265625 0.3717085859375 0.726944537109375 0.3659789736328125 0.734106552734375
0 0.3079666513671875 0.8293613544921875 0.4275723046875 0.8673200341796875 0.423275095703125 0.85299600390625 0.3115476591796875 0.815753525390625 0.3079666513671875 0.8293613544921875
0 0.623095318359375 0.8050105029296875 0.7505791875 0.8085915107421875 0.7469981796875 0.7942674794921875 0.62023051171875 0.7935512783203125 0.623095318359375 0.8050105029296875
0 0.669648416015625 0.86015801953125 0.54717795703125 0.8508473994140625 0.5450293525390625 0.8580094150390625 0.6581891923828125 0.8723334453125 0.669648416015625 0.86015801953125
0 0.0286037822265625 0.806425943359375 0.0005018203125 0.7833421884765625 0 0.7968913486328125 0.0230837548828125 0.815960537109375 0.0286037822265625 0.806425943359375
0 0 0.7221200576171874 0.0396438388671875 0.75072383984375 0.0506838955078125 0.74169106640625 0 0.70555997265625 0 0.7221200576171874
0 0 0.74169106640625 0.024589216796875 0.7537347646484375 0.0270983203125 0.7452038115234375 0 0.73265829296875 0 0.74169106640625
0 0.0707567255859375 0.2704813837890625 0.0005018203125 0.2353539306640625 0 0.2428812421875 0.060218490234375 0.2790123359375 0.0707567255859375 0.2704813837890625