0 0.206580529296875 0.496544470703125 0.310997595703125 0.467247595703125 0.3094951923828125 0.4597355771484375 0.203575720703125 0.492037259765625 0.206580529296875 0.496544470703125
0 0.17578125 0.4266826923828125 0.298978365234375 0.435697115234375 0.2974759619140625 0.42743389453125 0.1787860576171875 0.4206730771484375 0.17578125 0.4266826923828125
0 0.2741887021484375 0.4815204326171875 0.3545673076171875 0.411658654296875 0.347806490234375 0.408653845703125 0.2704326923828125 0.470252404296875 0.2741887021484375 0.4815204326171875
0 0.3425480771484375 0.5078125 0.3861177880859375 0.41015625 0.3838641826171875 0.40264423046875 0.3387920673828125 0.498046875 0.3425480771484375 0.5078125
0 0.3703425478515625 0.5401141826171875 0.3898737978515625 0.4387019228515625 0.3853665869140625 0.4326923076171875 0.36358173046875 0.538611779296875 0.3703425478515625 0.5401141826171875
0 0.389122595703125 0.658052884765625 0.3801081728515625 0.537109375 0.372596154296875 0.53485576953125 0.377103365234375 0.66180889453125 0.389122595703125 0.658052884765625
0 0.072115384765625 0.048828125 0.18329326953125 0.0052584130859375 0.184044470703125 0 0.0631009619140625 0.0458233173828125 0.072115384765625 0.048828125
0 0.2741887021484375 0.0247896630859375 0.28545673046875 0 0.2786959130859375 0.0007512021484375 0.2666766826171875 0.0262920673828125 0.2741887021484375 0.0247896630859375
0 0.187049279296875 0.0150240380859375 0.21484375 0.001502404296875 0.2043269228515625 0.001502404296875 0.184044470703125 0.009765625 0.187049279296875 0.0150240380859375
0 0.029296875 0.3425480771484375 0.001502404296875 0.2509014423828125 0 0.2591646630859375 0.0262920673828125 0.343299279296875 0.029296875 0.3425480771484375
0 0.1021634619140625 0.4890324521484375 0.015775240234375 0.4326923076171875 0.00751201953125 0.4402043271484375 0.099158654296875 0.494290865234375 0.1021634619140625 0.4890324521484375
0 0.15399639453125 0.5964543271484375 0.09990985546875 0.4927884619140625 0.09540264453125 0.501802884765625 0.1494891826171875 0.6024639423828125 0.15399639453125 0.5964543271484375
0 0.2336237978515625 0.63251201953125 0.1509915869140625 0.543118990234375 0.144981970703125 0.545372595703125 0.224609375 0.640775240234375 0.2336237978515625 0.63251201953125
0 0.2155949521484375 0.6708233173828125 0.169771634765625 0.5596454326171875 0.160006009765625 0.564903845703125 0.206580529296875 0.6805889423828125 0.2155949521484375 0.6708233173828125
0 0.062349759765625 0.72265625 0.00225360546875 0.6805889423828125 0.0007512021484375 0.687349759765625 0.0593449521484375 0.726412259765625 0.062349759765625 0.72265625
0 0.037560095703125 0.76171875 0.001502404296875 0.745943509765625 0 0.751953125 0.035306490234375 0.767728365234375 0.037560095703125 0.76171875
0 0.0398137021484375 0.821814904296875 0.00225360546875 0.792518029296875 0 0.799278845703125 0.0383112978515625 0.8248197119140624 0.0398137021484375 0.821814904296875
0 0.2899639423828125 0.8939302880859376 0.39287860546875 0.906700720703125 0.39287860546875 0.8984375 0.291466345703125 0.884915865234375 0.2899639423828125 0.8939302880859376
0 0.5438701923828125 0.84735576953125 0.65204326953125 0.843599759765625 0.6535456728515625 0.8345853369140624 0.548377404296875 0.83759014453125 0.5438701923828125 0.84735576953125
0 0.71514423046875 0.8548677880859376 0.8233173076171875 0.8503605771484375 0.8233173076171875 0.84209735546875 0.714393029296875 0.845853365234375 0.71514423046875 0.8548677880859376