0 0.7126028359375 1 0.7309647841796875 0.961427265625 0.7247256767578125 0.955876515625 0.7014421328125 1 0.7126028359375 1
0 0.752028228515625 1 0.819067166015625 0.9713998984375 0.818332390625 0.9661770966796875 0.8182993232421875 0.96145166796875 0.72828791796875 1 0.752028228515625 1
0 0.82587073046875 0.9897639951171875 0.9309664853515625 0.957614556640625 0.928202853515625 0.9498252275390625 0.814846779296875 0.9789409560546875 0.824365623046875 0.990201814453125 0.82587073046875 0.9897639951171875
0 1 0.7499410830078125 0.9829071865234374 0.6931263837890626 0.974374857421875 0.699115779296875 0.998375517578125 0.77631292578125 1 0.7809276875 1 0.7499410830078125
0 1 0.7648275185546874 0.9728061064453125 0.6744938876953125 0.9651026005859376 0.6791899560546875 0.9987136611328125 0.776740681640625 1 0.7747334287109375 1 0.7648275185546874
0 0.6783813232421875 0.591255095703125 0.749487333984375 0.5032282939453125 0.7408126015625 0.500841248046875 0.67136423828125 0.5862813935546874 0.6783813232421875 0.591255095703125
0 0.8379941611328126 0.57498966015625 0.7114402138671875 0.5460381083984375 0.71150634765625 0.55548896875 0.834340724609375 0.5797352158203125 0.8379941611328126 0.57498966015625
0 0.640626314453125 0.5520811279296876 0.6518460078125 0.55495548046875 0.68471148046875 0.4501682138671875 0.6717502275390625 0.445871365234375 0.640626314453125 0.5520811279296876
0 0.7013009140625 0.5019877626953125 0.706151892578125 0.5167109130859375 0.816294365234375 0.4913359365234375 0.815653638671875 0.4795970087890625 0.7013009140625 0.5019877626953125
0 0.9692463779296875 0.568903080078125 0.9758261201171875 0.559272736328125 0.88720995703125 0.4838603603515625 0.88080817578125 0.4909837265625 0.9692463779296875 0.568903080078125
0 0.6369702177734375 0.5205254150390625 0.647851767578125 0.522972013671875 0.6641533974609375 0.41791717578125 0.654827802734375 0.4143164794921875 0.6369702177734375 0.5205254150390625
0 0.6585191201171875 0.331168537109375 0.645649423828125 0.33596441015625 0.65299485546875 0.4557113818359375 0.6617127890625 0.452298578125 0.6585191201171875 0.331168537109375
0 0.7403797333984375 0.299289150390625 0.7367517197265625 0.3036765673828125 0.8226831806640625 0.4065264638671875 0.82916123046875 0.3983286787109375 0.7475162900390625 0.2973885830078125 0.7403797333984375 0.299289150390625
0 0.7760168203125 0.3111950185546875 0.8494090849609375 0.41418497265625 0.85690920703125 0.412354021484375 0.7808957119140625 0.3099511787109375 0.7760168203125 0.3111950185546875
0 0.8125261015625 0.367917828125 0.735726986328125 0.2610084638671875 0.7305684404296875 0.266191837890625 0.79915808203125 0.3693512119140625 0.8125261015625 0.367917828125
0 0.9866637900390625 0.359878712890625 0.8990442763671875 0.291191310546875 0.8915263740234375 0.2984639697265625 0.9824434033203125 0.367419771484375 0.9866637900390625 0.359878712890625
0 1 0.3696549140625 0.9285414560546875 0.3117227177734375 0.9236702060546875 0.318050126953125 1 0.383987787109375 1 0.3696549140625
0 1 0.3468281044921875 0.9955443974609375 0.3437917919921875 0.9947994873046875 0.349094271484375 1 0.35311470703125 1 0.3468281044921875
0 1 0.6524252109375 0.983345005859375 0.65630048828125 0.9881454072265625 0.664964123046875 1 0.66265626171875 1 0.6524252109375
0 1 0.66668728515625 0.9865610966796875 0.6591870458984375 0.9797987265625 0.66769590234375 1 0.6765537275390625 1 0.66668728515625