0 0.363275009765625 0.9348704375 0.3111679208984375 0.9736497421875 0.32484978515625 0.9725329013671875 0.3626152978515625 0.943474271484375 0.363275009765625 0.9348704375
0 0.2785751015625 0.7471301318359375 0.2843766318359375 0.8743620302734375 0.2940070146484375 0.8701776689453125 0.2915191669921875 0.7438649267578125 0.2785751015625 0.7471301318359375
0 0.2343220693359375 0.656739279296875 0.2651895478515625 0.7089458212890625 0.2772385927734375 0.7076532001953125 0.245850908203125 0.6462258583984375 0.2343220693359375 0.656739279296875
0 0.2680340126953125 0.6513169091796875 0.3357282275390625 0.65715522265625 0.3360865166015625 0.647309076171875 0.24558254296875 0.642289076171875 0.2476924970703125 0.6509852568359376 0.2680340126953125 0.6513169091796875
0 0.310968466796875 0.6555980302734375 0.300384234375 0.6600971611328125 0.3152205888671875 0.7736133232421875 0.328315365234375 0.7709692744140625 0.310968466796875 0.6555980302734375
0 0.2999511455078125 0.7276645654296875 0.2897436904296875 0.7337165869140625 0.322210720703125 0.8491298681640626 0.3346438271484375 0.8423433828125 0.2999511455078125 0.7276645654296875
0 0.33775441015625 0.93725421875 0.344063826171875 0.939197455078125 0.41382458203125 0.8346632265625 0.4072302705078125 0.8301304453125 0.33760369921875 0.9366330625 0.33775441015625 0.93725421875
0 0.45889672265625 0.8647390830078125 0.456409990234375 0.8544900126953126 0.34324023828125 0.9159880732421875 0.3462286884765625 0.9240589072265625 0.45889672265625 0.8647390830078125
0 0.533518611328125 0.7575943486328125 0.525711328125 0.7551390732421875 0.4631365244140625 0.8482449150390625 0.4747261513671875 0.8521355791015625 0.533518611328125 0.7575943486328125
0 0.5345534296875 0.576447892578125 0.5277238076171875 0.5652838583984375 0.4115140625 0.6100065205078125 0.416344099609375 0.6228367529296875 0.5345534296875 0.576447892578125
0 0.64817558203125 0.736194375 0.6436304384765625 0.7259536884765625 0.536431705078125 0.7653546015625 0.5385509052734375 0.77975030078125 0.64817558203125 0.736194375
0 0.6045026982421875 0.7727458046875 0.5962855810546875 0.7714321103515625 0.5329314501953125 0.8570798916015625 0.5403031279296875 0.85632446484375 0.6045026982421875 0.7727458046875
0 0.77713974609375 0.6520410087890625 0.7002552314453125 0.73712213671875 0.7180366201171875 0.7396404111328125 0.784737490234375 0.6522173154296875 0.77713974609375 0.6520410087890625
0 0.8445902529296875 0.542231150390625 0.7706261142578125 0.6280257802734375 0.781487958984375 0.6331629482421876 0.8589495458984375 0.5462141591796875 0.8445902529296875 0.542231150390625
0 0.707448197265625 0.4992659248046875 0.634334822265625 0.56733665234375 0.6408703046875 0.5702116220703125 0.715691083984375 0.5049319033203125 0.707448197265625 0.4992659248046875
0 0.7682024189453125 0.4835778271484375 0.6627295791015625 0.5371687841796875 0.66730777734375 0.5447149990234375 0.7680113671875 0.4926978935546875 0.7682024189453125 0.4835778271484375
0 0.7825844091796875 0.36310317578125 0.7956141904296875 0.48191173828125 0.8001243173828125 0.4821006240234375 0.7937622431640625 0.3553891494140625 0.7825844091796875 0.36310317578125
0 0.6960894208984375 0.0377518212890625 0.7265218515625 0.144779498046875 0.737164912109375 0.1419381796875 0.7030162490234375 0.0280861748046875 0.6960894208984375 0.0377518212890625
0 0.8967615625 0.8396622255859375 0.9098758447265625 0.8170592734375 0.9016505908203125 0.8114793515625 0.8877562890625 0.8420868232421875 0.8967615625 0.8396622255859375
0 0.7716421513671875 0 0.7706077685546875 0.0009846044921875 0.799939173828125 0.048353484375 0.807387015625 0.041978107421875 0.7809423173828125 0 0.7716421513671875 0