0 0.9521094716796875 0.2982065068359375 0.850848078125 0.264420150390625 0.846360943359375 0.27954923828125 0.9510244521484374 0.307364287109375 0.9521094716796875 0.2982065068359375
0 0.89249215234375 0.275482279296875 0.903841595703125 0.267728970703125 0.8404335185546875 0.1788124287109375 0.828861634765625 0.1811066611328125 0.89249215234375 0.275482279296875
0 0.851299150390625 0.1860250859375 0.8581478681640625 0.175174283203125 0.7951939443359375 0.0705638984375 0.7865632265625 0.0734673720703125 0.851299150390625 0.1860250859375
0 0.50666612109375 0.0662806259765625 0.512934017578125 0.07696151171875 0.6018938095703125 0.032507892578125 0.5987975546875 0.0191459736328125 0.50666612109375 0.0662806259765625
0 0.5290226962890625 0.0602660673828125 0.62099780078125 0.0182413828125 0.620830705078125 0.018064328125 0.601163080078125 0.0174920595703125 0.5250570654296876 0.0524077158203125 0.5290226962890625 0.0602660673828125
0 0.4365575869140625 0.2065699375 0.4396976943359375 0.3373128232421875 0.4504675556640625 0.3332285576171875 0.444957830078125 0.2069567373046875 0.4365575869140625 0.2065699375
0 0.3909849716796875 0.08120146875 0.3295324951171875 0.1744766015625 0.3382144951171875 0.1817782353515625 0.3985010107421875 0.0867278974609375 0.3909849716796875 0.08120146875
0 0.4920726982421875 0.370174806640625 0.497146212890625 0.360489966796875 0.39181215625 0.3014416787109375 0.3871811923828125 0.30992474609375 0.4920726982421875 0.370174806640625
0 0.4097280712890625 0.3443666748046875 0.355204048828125 0.240870970703125 0.3480439150390625 0.2440790654296875 0.4008075615234375 0.349104671875 0.4097280712890625 0.3443666748046875
0 0.4619832021484375 0.392179794921875 0.345153396484375 0.369964083984375 0.3453084853515625 0.3827167587890625 0.4578828701171875 0.3989086396484375 0.4619832021484375 0.392179794921875
0 0.3203518193359375 0.3964926611328125 0.3198760419921875 0.4027092744140625 0.4300820478515625 0.4055095771484375 0.427341697265625 0.4008821826171875 0.3582755673828125 0.3967701005859375 0.3203518193359375 0.3964926611328125
0 0.240626431640625 0.4081257041015625 0.2417843583984375 0.41865026171875 0.3629394169921875 0.40387091796875 0.3624648779296875 0.3922248857421875 0.2398985546875 0.40815536328125 0.240626431640625 0.4081257041015625
0 0.2093741171875 0.0616253818359375 0.1531125498046875 0.1659898271484375 0.163027865234375 0.1677730654296875 0.2171058017578125 0.0634975966796875 0.2093741171875 0.0616253818359375
0 0.1452152666015625 0.195839576171875 0.1566901416015625 0.20011106640625 0.2020632109375 0.0969193798828125 0.1942870400390625 0.0939553505859375 0.1452152666015625 0.195839576171875
0 0.1298711689453125 0.078717501953125 0.138665009765625 0.0798173515625 0.1769564111328125 0.0264920302734375 0.1646121611328125 0.02772410546875 0.1298711689453125 0.078717501953125
0 0.25182266015625 0.253467921875 0.1744606953125 0.3499431162109375 0.179993919921875 0.3515403681640625 0.25809858984375 0.255399453125 0.25182266015625 0.253467921875
0 0.24876409765625 0.2320845283203125 0.1728133984375 0.32740858984375 0.1783614521484375 0.3293697802734375 0.2566885625 0.2386879423828125 0.24876409765625 0.2320845283203125
0 0.221807310546875 0.2772926015625 0.1414893505859375 0.3727946171875 0.149035046875 0.379048921875 0.229249203125 0.280999337890625 0.221807310546875 0.2772926015625
0 0.2057041220703125 0.025320650390625 0.1823456650390625 0.081060873046875 0.191689818359375 0.0833048564453125 0.217026060546875 0.0248593173828125 0.2057041220703125 0.025320650390625
0 0.4595750966796875 0.0187405166015625 0.48996520703125 0.068357236328125 0.4945429404296875 0.060983953125 0.46948509765625 0.0145723994140625 0.4595750966796875 0.0187405166015625
0 0.4890665390625 0.0603763037109375 0.50843446484375 0.014793931640625 0.4961511259765625 0.0144365234375 0.4809631435546875 0.0602543330078125 0.4890665390625 0.0603763037109375
0 0.385387134765625 0.01799912890625 0.380269900390625 0.032070173828125 0.388307046875 0.0370619873046875 0.39929275 0.0174325185546875 0.385387134765625 0.01799912890625