0 0.730489892578125 0.618926904296875 0.687196923828125 0.683953630859375 0.698874951171875 0.6812260146484375 0.7358175419921875 0.6252656201171874 0.730489892578125 0.618926904296875
0 0.673723734375 0.649018455078125 0.6555413369140625 0.7554286025390625 0.6624309033203125 0.7563193369140625 0.682100333984375 0.6493952041015625 0.673723734375 0.649018455078125
0 0.6885556064453126 0.7243849501953125 0.6958175498046875 0.8566843984375 0.701909041015625 0.85817819140625 0.69547941015625 0.729517548828125 0.6885556064453126 0.7243849501953125
0 0.6140863642578125 0.92027274609375 0.608172466796875 0.926570548828125 0.69961519921875 0.9796432763671875 0.712176921875 0.979277767578125 0.7137476162109375 0.974825828125 0.6140863642578125 0.92027274609375
0 0.6665091357421875 0.9489437783203125 0.6780676328125 0.9802702470703125 0.6850471474609375 0.9800671640625 0.6728188671875 0.9490533076171875 0.6665091357421875 0.9489437783203125
0 0.5555292685546875 0.827953294921875 0.629898130859375 0.9180795703125 0.6350481884765625 0.9166266884765625 0.563653392578125 0.8254724443359375 0.5555292685546875 0.827953294921875
0 0.6267186455078125 0.8936563544921875 0.51823790234375 0.8549127744140625 0.5143159921875 0.86641179296875 0.62714871484375 0.9043055517578125 0.6267186455078125 0.8936563544921875
0 0.4213517080078125 0.7604628115234375 0.415001330078125 0.769529142578125 0.491081876953125 0.8443394453125 0.4213517080078125 0.7604628115234375
0 0.420726998046875 0.85360567578125 0.352259212890625 0.784017044921875 0.346488671875 0.7938645810546875 0.412057275390625 0.859547185546875 0.420726998046875 0.85360567578125
0 0.3965428564453125 0.770673892578125 0.2951292734375 0.740612642578125 0.2957433466796875 0.7456357109375 0.3935281416015625 0.7808777236328125 0.3965428564453125 0.770673892578125
0 0.562773876953125 0.6170180439453125 0.4457261201171875 0.5969415654296875 0.4449622802734375 0.60178648828125 0.5634221875 0.6262829775390625 0.562773876953125 0.6170180439453125
0 0.6770679931640625 0.7080687138671875 0.65140978125 0.826224646484375 0.659643025390625 0.8230516640625 0.6848583466796875 0.721081982421875 0.6770679931640625 0.7080687138671875
0 0.7077885576171875 0.6202293447265625 0.6351828046875 0.634854482421875 0.6299921015625 0.6454832236328125 0.7138051640625 0.6266571337890625 0.7077885576171875 0.6202293447265625
0 0.14296176953125 0.6044097607421876 0.1973444775390625 0.705370630859375 0.201662220703125 0.700278943359375 0.1529345234375 0.6035803935546875 0.14296176953125 0.6044097607421876
0 0.1911718388671875 0.949637736328125 0.1837152548828125 0.92113034765625 0.17972487109375 0.924145640625 0.18602178125 0.9510906181640625 0.1911718388671875 0.949637736328125
0 0.2182593896484375 0.9517273359375 0.2047455537109375 0.92596801953125 0.199377255859375 0.928805166015625 0.213000212890625 0.953872349609375 0.2182593896484375 0.9517273359375
0 0.135837060546875 0.943896125 0.120945310546875 0.917958662109375 0.1132576669921875 0.917670986328125 0.1288383740234375 0.9436975234375 0.135837060546875 0.943896125
0 0.2905204462890625 0.5959438955078125 0.2287860498046875 0.55053171484375 0.2253755029296875 0.5543282119140625 0.2864209423828125 0.599651318359375 0.2905204462890625 0.5959438955078125
0 0.147037671875 0.498294541015625 0.1465840009765625 0.385237546875 0.1412157041015625 0.38807469140625 0.140434818359375 0.5045032705078125 0.147037671875 0.498294541015625
0 0.2273587490234375 0.274207490234375 0.2099337822265625 0.3891904384765625 0.2186719794921875 0.39173265625 0.2317449658203125 0.27759953125 0.2273587490234375 0.274207490234375