0 1 0.6423523115234375 0.9452362919921875 0.60865688671875 0.9448459892578125 0.618474283203125 1 0.6570731416015625 1 0.6423523115234375
0 0.7252690341796875 0.6434384501953125 0.8511175458984375 0.6607859873046875 0.8515078486328125 0.65096858984375 0.72295816796875 0.6308456767578124 0.7252690341796875 0.6434384501953125
0 0.9133919521484375 0.519514240234375 0.8999824580078125 0.52217468359375 0.9498528154296875 0.6329485234375 0.957435818359375 0.6287443115234375 0.9133919521484375 0.519514240234375
0 0.7170743896484375 0.619468904296875 0.830585361328125 0.5930404140625 0.8301039189453125 0.58721439453125 0.71253077734375 0.607692 0.7170743896484375 0.619468904296875
0 0.758955220703125 0.587861404296875 0.6594653857421875 0.639803208984375 0.6617476064453125 0.6474794794921875 0.76660853125 0.5957249716796875 0.758955220703125 0.587861404296875
0 0.6734471630859376 0.5817515927734375 0.6278218515625 0.6619366875 0.6372238603515625 0.66271141015625 0.691340376953125 0.58058809375 0.6734471630859376 0.5817515927734375
0 0.655397708984375 0.556097806640625 0.6437707666015625 0.5574798173828125 0.62722583203125 0.6364446591796875 0.6379784267578125 0.6386070693359375 0.655397708984375 0.556097806640625
0 0.8231371708984375 0.4667650537109375 0.8160408193359375 0.4776891943359375 0.8975729384765625 0.5694582392578125 0.9078336728515625 0.564006810546875 0.8231371708984375 0.4667650537109375
0 0.878209357421875 0.548674130859375 0.89073929296875 0.5486642001953125 0.8520118310546875 0.430235375 0.84172766015625 0.431664208984375 0.878209357421875 0.548674130859375
0 0.629389978515625 0.3934261376953125 0.63681994140625 0.5165728154296875 0.6480018974609375 0.515622150390625 0.64322623046875 0.3872056650390625 0.629389978515625 0.3934261376953125
0 0.78106044140625 0.311129728515625 0.704524732421875 0.2320471044921875 0.6956276015625 0.241120994140625 0.77707899609375 0.31903444140625 0.78106044140625 0.311129728515625
0 0.9159565185546875 0.1916055322265625 0.8231047294921875 0.1539591591796875 0.823154205078125 0.1624512998046875 0.910189919921875 0.2003417236328125 0.9159565185546875 0.1916055322265625
0 0.6213532822265625 0.16613900390625 0.7214576630859375 0.2196785205078125 0.7290224375 0.2123456259765625 0.6244421484375 0.158650029296875 0.6213532822265625 0.16613900390625
0 0.31339783984375 0.153165923828125 0.4342707734375 0.161402677734375 0.440042580078125 0.1535603955078125 0.3115449814453125 0.1423765771484375 0.31339783984375 0.153165923828125
0 1 0.26314451953125 0.9832865556640625 0.2556123818359375 0.98331812109375 0.261030205078125 1 0.26867804296875 1 0.26314451953125
0 1 0.203361654296875 0.9872958017578125 0.19269686328125 0.9846479482421875 0.20216857421875 1 0.21671013671875 1 0.203361654296875