0 0.6876984755859376 0.3814750439453125 0.8159416689453125 0.3838528037109375 0.8175745146484374 0.3735811357421875 0.6929784228515625 0.3681953427734375 0.6876984755859376 0.3814750439453125
0 0.9071735859375 0.4286213935546875 0.90261855859375 0.4250283056640625 0.821001171875 0.5180689619140625 0.8298990810546875 0.5325700634765625 0.9071735859375 0.4286213935546875
0 0.83868434765625 0.488679451171875 0.83115217578125 0.47672690234375 0.7229965859375 0.55249080859375 0.72744169140625 0.567094486328125 0.83868434765625 0.488679451171875
0 0.6720647373046875 0.4006692880859375 0.7709662294921875 0.443627189453125 0.779537689453125 0.4350876884765625 0.6712117734375 0.388562873046875 0.6720647373046875 0.4006692880859375
0 0.7074398486328125 0.4246225029296875 0.715840384765625 0.4192689560546875 0.6329007392578125 0.3521212265625 0.6311184091796875 0.349496271484375 0.6289942294921875 0.3532432236328125 0.7074398486328125 0.4246225029296875
0 0.6412902548828125 0.4175463095703125 0.6160540673828125 0.325591171875 0.6082135673828125 0.330587814453125 0.6319268330078125 0.4218040302734375 0.6412902548828125 0.4175463095703125
0 0.6015002392578125 0.4456390732421875 0.60825312890625 0.3544950302734375 0.599921294921875 0.3529669560546875 0.5884836748046876 0.43957489453125 0.6015002392578125 0.4456390732421875
0 0.8885962255859375 0.4500334599609375 0.956855708984375 0.42321469140625 0.9579245224609375 0.4109980986328125 0.8899696640625 0.4378757578125 0.8885962255859375 0.4500334599609375
0 0.8177036201171874 0.4999988291015625 0.8087370078125 0.4923793466796875 0.7350546435546875 0.598825279296875 0.74510010546875 0.609859927734375 0.8177036201171874 0.4999988291015625
0 0.5342755771484375 0.6019885078125 0.5822391796875 0.47979495703125 0.5710049462890625 0.476355734375 0.521416197265625 0.59411469921875 0.5342755771484375 0.6019885078125
0 0.6389373310546875 0.7089700517578125 0.63113201171875 0.696507791015625 0.5371757197265625 0.7574105205078125 0.5427408955078125 0.7713003935546875 0.6389373310546875 0.7089700517578125
0 0.7255603193359375 0.8530893369140625 0.7276097568359375 0.842894072265625 0.63063071875 0.858200193359375 0.6253507705078125 0.87147989453125 0.7255603193359375 0.8530893369140625
0 0.4391007705078125 0.8267501728515625 0.5563845390625 0.7981622353515625 0.55482809375 0.7868460302734375 0.4394228408203125 0.8084246572265625 0.4391007705078125 0.8267501728515625
0 0.2666257783203125 0.781789125 0.1461895625 0.7638374365234375 0.1438944580078125 0.77077034375 0.2606973125 0.790353740234375 0.2666257783203125 0.781789125
0 0.882911005859375 0.6940970732421875 0.8607288203125 0.7032564248046875 0.8590384228515625 0.71402658203125 0.8815807548828125 0.70081400390625 0.882911005859375 0.6940970732421875
0 0.85129221875 0.788659912109375 0.8157896474609375 0.795530248046875 0.8136902822265625 0.804515560546875 0.850096353515625 0.7959201142578125 0.85129221875 0.788659912109375
0 0.835583220703125 0.8336651044921874 0.791679087890625 0.8582971015625 0.7906652578125 0.865995865234375 0.8323130830078125 0.84641451171875 0.835583220703125 0.8336651044921874