0 1 0.8420507900390625 0.96543180078125 0.868500544921875 0.98011186328125 0.8795291845703125 1 0.863400994140625 1 0.8420507900390625
0 0.899621453125 0.927560990234375 0.975033001953125 0.8567202412109375 0.9636723154296875 0.85167528515625 0.882036484375 0.928511123046875 0.899621453125 0.927560990234375
0 0.8745912607421875 0.933096787109375 0.8872511123046875 0.8664776513671875 0.87651977734375 0.8696907705078125 0.857774099609375 0.9368161513671875 0.8745912607421875 0.933096787109375
0 0.737386986328125 0.487299705078125 0.858223771484375 0.465425833984375 0.8569269169921875 0.4567570068359375 0.7332670986328125 0.4777626259765625 0.737386986328125 0.487299705078125
0 1 0.3981169111328125 0.9003224052734375 0.3564835361328125 0.89340425 0.37144705859375 1 0.4081894921875 1 0.3981169111328125
0 0.7121203037109375 0.4507216396484375 0.7183936259765625 0.456050935546875 0.8196353681640625 0.3941057216796875 0.81223458984375 0.3860405634765625 0.7121203037109375 0.4507216396484375
0 0.7077439140625 0.5240810146484375 0.7616221083984375 0.42036968359375 0.7492192900390625 0.420873837890625 0.6925604091796875 0.52520016015625 0.7080787138671875 0.52661903125 0.7077439140625 0.5240810146484375
0 0.66713472265625 0.4095490556640625 0.660799064453125 0.51841803125 0.674592224609375 0.517606380859375 0.6789949873046875 0.40841858984375 0.66713472265625 0.4095490556640625
0 0.6469883359375 0.3807942080078125 0.6372559345703125 0.382946671875 0.6525976416015625 0.49149919921875 0.6635677666015625 0.4898192978515625 0.6469883359375 0.3807942080078125
0 0.80212425 0.252449318359375 0.795858916015625 0.2657758505859375 0.885249169921875 0.3553393828125 0.8911117841796875 0.343221373046875 0.80212425 0.252449318359375
0 0.73466784765625 0.2419939716796875 0.72869496484375 0.2563752802734375 0.8319423056640625 0.3320527060546875 0.838750193359375 0.319352484375 0.73466784765625 0.2419939716796875
0 0.6039244697265626 0.281358060546875 0.5941241484375 0.28725706640625 0.63463585546875 0.40143743359375 0.65268075 0.3933418662109375 0.6039244697265626 0.281358060546875
0 0.81255021875 0.311340375 0.8200277080078126 0.3037161875 0.73409653125 0.20667089453125 0.727843982421875 0.217382537109375 0.81255021875 0.311340375
0 0.9681439873046875 0.180655314453125 0.863022078125 0.1434539716796875 0.8623732509765625 0.1544188759765625 0.972043337890625 0.1947189912109375 0.9681439873046875 0.180655314453125
0 0.35298196484375 0.110727654296875 0.456545736328125 0.0811062578125 0.455791435546875 0.073063740234375 0.34908261328125 0.0966639775390625 0.35298196484375 0.110727654296875
0 0.10614733984375 0.24629275390625 0.2067058935546875 0.21248503125 0.2044637666015625 0.2043984169921875 0.097911556640625 0.2365465107421875 0.10614733984375 0.24629275390625
0 0.9551465400390625 0.13377780078125 0.909549275390625 0.122722423828125 0.90807608203125 0.1312752607421875 0.9573016943359375 0.141550732421875 0.9551465400390625 0.13377780078125
0 0.9409629453125 0.0866165517578125 0.8791476689453125 0.0639476806640625 0.8738575537109375 0.0709181220703125 0.9438472421875 0.0946266982421875 0.9409629453125 0.0866165517578125