0 0.17735555859375 0.0285817509765625 0.2604030810546875 0.06112961328125 0.2638549267578125 0.0456887529296875 0.1901488603515625 0.0282078349609375 0.17735555859375 0.0285817509765625
0 0.3503976171875 0.19471823828125 0.38455641015625 0.3256436123046875 0.39047784375 0.3236297470703125 0.3663506865234375 0.1954791689453125 0.3503976171875 0.19471823828125
0 0.3406224560546875 0.0238098662109375 0.3989614990234375 0.09941821484375 0.4084812900390625 0.096685580078125 0.355243373046875 0.0233825341796875 0.3406224560546875 0.0238098662109375
0 0.513874673828125 0.1396251083984375 0.4023323701171875 0.0962517001953125 0.3944290908203125 0.1032322802734375 0.505987779296875 0.1533547958984375 0.513874673828125 0.1396251083984375
0 0.41737249609375 0.33695645703125 0.4351262421875 0.21249059375 0.4237055810546875 0.2079156005859375 0.4107117314453125 0.3310151455078125 0.41737249609375 0.33695645703125
0 0.4271998046875 0.2783773388671875 0.3755898984375 0.3737663896484375 0.3827625087890625 0.385215130859375 0.44130115625 0.2920779658203125 0.4271998046875 0.2783773388671875
0 0.4458836611328125 0.354531111328125 0.362651029296875 0.4054381025390625 0.3685483583984375 0.4163105166015625 0.4497827607421875 0.3636211337890625 0.4458836611328125 0.354531111328125
0 0.3892854267578125 0.4028188486328125 0.386272169921875 0.4164060927734375 0.486092125 0.39937583203125 0.4862135888671875 0.3809643173828125 0.3892854267578125 0.4028188486328125
0 0.509607244140625 0.3894845615234375 0.501168015625 0.4038439921875 0.631213005859375 0.403111095703125 0.6377272607421876 0.3943303154296875 0.509607244140625 0.3894845615234375
0 0.5682500263671875 0.22516688671875 0.46570700390625 0.1471689169921875 0.45553751953125 0.156056529296875 0.5562529267578125 0.234107916015625 0.5682500263671875 0.22516688671875
0 0.6013822939453125 0.20701774609375 0.601690755859375 0.1971911484375 0.4823425322265625 0.1552730859375 0.4778997646484375 0.173197302734375 0.6013822939453125 0.20701774609375
0 0.8705708037109375 0.2574419267578125 0.8300201640625 0.162905703125 0.8179498115234375 0.1644856865234375 0.8592233984375 0.2602279794921875 0.8705708037109375 0.2574419267578125
0 0.8354836279296874 0.405731158203125 0.77045105078125 0.3106832822265625 0.760378927734375 0.3140456591796875 0.8200992763671875 0.411089595703125 0.8354836279296874 0.405731158203125
0 0.852867154296875 0.448175 0.86207265234375 0.56694412109375 0.8785616708984375 0.56032619921875 0.8630530224609375 0.44603649609375 0.852867154296875 0.448175
0 0.863351712890625 0.7515999873046875 0.8809887197265625 0.875645064453125 0.89395263671875 0.8771069580078125 0.8794185263671875 0.7535847900390625 0.863351712890625 0.7515999873046875
0 0.6531816259765625 0.041909125 0.639438220703125 0.026055111328125 0.627975087890625 0.0255880244140625 0.6478704169921875 0.04400108984375 0.6531816259765625 0.041909125
0 0.73489155859375 0.0500974033203125 0.72134284765625 0.02939246875 0.7104105634765625 0.0289470126953125 0.723546115234375 0.050429001953125 0.73489155859375 0.0500974033203125
0 0.7941582568359375 0.0487821982421875 0.7814631298828125 0.0318421826171875 0.768506255859375 0.03131423046875 0.7845739345703125 0.049865564453125 0.7941582568359375 0.0487821982421875