0 0.504356015625 0.098786587890625 0.610093939453125 0.0432780927734375 0.6018167265625 0.0352832841796875 0.49354153515625 0.0891494853515625 0.504356015625 0.098786587890625
0 0.5547738408203124 0.3188183564453125 0.6441265107421875 0.36936245703125 0.647789728515625 0.3596333525390625 0.5640965166015625 0.3085639169921875 0.5547738408203124 0.3188183564453125
0 0.518755427734375 0.360969888671875 0.6164507265625 0.3713054970703125 0.620070041015625 0.3578248388671875 0.522352791015625 0.3456134541015625 0.518755427734375 0.360969888671875
0 0.367975533203125 0.3868587060546875 0.4905313017578125 0.3698491455078125 0.489134619140625 0.3580859677734375 0.3615335859375 0.3743119755859375 0.367975533203125 0.3868587060546875
0 0.6210642822265625 0.3351987802734375 0.5745666533203125 0.2349832255859375 0.565178123046875 0.239610333984375 0.613532970703125 0.337149744140625 0.6210642822265625 0.3351987802734375
0 0.617166478515625 0.27108897265625 0.6345971943359375 0.1467871298828125 0.6207190576171875 0.1443197255859375 0.6020745859375 0.2724898623046875 0.617166478515625 0.27108897265625
0 0.5794733349609374 0.2777174921875 0.5869168408203125 0.268263423828125 0.571239142578125 0.1658129775390625 0.557419541015625 0.1683476435546875 0.5794733349609374 0.2777174921875
0 0.5351759443359375 0.0965516962890625 0.51648669140625 0.113309021484375 0.4411374287109375 0.1835229833984375 0.452573419921875 0.19247645703125 0.5403895029296875 0.111716203125 0.5351759443359375 0.0965516962890625
0 0.4056888662109375 0.1667834453125 0.526036197265625 0.12243760546875 0.5246321962890625 0.110049169921875 0.40171833203125 0.150251677734375 0.4056888662109375 0.1667834453125
0 0.236688451171875 0.3032767822265625 0.317616685546875 0.2256596396484375 0.3105898125 0.216922830078125 0.2258886044921875 0.294890197265625 0.236688451171875 0.3032767822265625
0 0.1541074365234375 0.347246689453125 0.161053822265625 0.349105650390625 0.231737869140625 0.256790962890625 0.217194318359375 0.251255634765625 0.1541074365234375 0.347246689453125
0 0.1542881611328125 0.0937250107421875 0.1232569169921875 0.18548865625 0.133362080078125 0.188306283203125 0.16818825 0.09806819140625 0.1542881611328125 0.0937250107421875
0 0.1346378974609375 0.620085099609375 0.13508291796875 0.496733998046875 0.122513658203125 0.498526666015625 0.12084756640625 0.6251208017578125 0.1346378974609375 0.620085099609375
0 0.6085268681640625 0 0.5749814326171875 0.0602977861328125 0.5874139599609375 0.064578265625 0.621847302734375 0 0.6085268681640625 0
0 0.214757041015625 0.0136254208984375 0.203609154296875 0.0489427197265625 0.215525564453125 0.0505608876953125 0.2272038310546875 0.0124700595703125 0.214757041015625 0.0136254208984375
0 0.1649415908203125 0.018249490234375 0.1391053193359375 0.049506267578125 0.1501610634765625 0.0592505078125 0.1800300419921875 0.0177781376953125 0.1649415908203125 0.018249490234375
0 0.1171080185546875 0.9145697802734375 0.1051687099609375 0.9961965419921875 0.1145105048828125 0.995979109375 0.12808941015625 0.9128183330078125 0.1171080185546875 0.9145697802734375