0 0.3020180810546875 0.0145447802734375 0.268222857421875 0.1146470908203125 0.2742118837890625 0.1167860283203125 0.3182740126953125 0.0119780546875 0.3020180810546875 0.0145447802734375
0 0.1813819638671875 0.124913994140625 0.1873709912109375 0.128336294921875 0.277634185546875 0.0663070859375 0.27121737109375 0.06031805859375 0.1783874501953125 0.1163582412109375 0.1813819638671875 0.124913994140625
0 0.179243025390625 0.1022412490234375 0.069301599609375 0.1561424921875 0.0731516884765625 0.16213151953125 0.1843764775390625 0.1073747001953125 0.179243025390625 0.1022412490234375
0 0.00598902734375 0.328540916015625 0.0008555751953125 0.336668880859375 0.03422301171875 0.4294988017578125 0.0427787646484375 0.4217986240234375 0.00598902734375 0.328540916015625
0 0.023100533203125 0.3460802099609375 0.0145447802734375 0.353352599609375 0.047912216796875 0.44874924609375 0.055184607421875 0.44404358203125 0.023100533203125 0.3460802099609375
0 0.314423923828125 0.5176230576171875 0.191221080078125 0.514200755859375 0.1860876279296875 0.5223287216796875 0.3110016220703125 0.526178810546875 0.314423923828125 0.5176230576171875
0 0.059890271484375 0.55270164453125 0.055184607421875 0.5608296103515625 0.146303376953125 0.6228588193359375 0.1501534658203125 0.6155864296875 0.059890271484375 0.55270164453125
0 0.3452246337890625 0.4731331416015625 0.278917548828125 0.5719520888671875 0.2896122392578125 0.577085541015625 0.35634711328125 0.4778388056640625 0.3452246337890625 0.4731331416015625
0 0.3298242783203125 0.560401822265625 0.322551888671875 0.55526837109375 0.2181717021484375 0.5967637724609375 0.217316126953125 0.5967637724609375 0.2181717021484375 0.6100251904296875 0.3298242783203125 0.560401822265625
0 0.387575611328125 0.5052172158203125 0.3764531328125 0.5039338525390625 0.347363572265625 0.6181531552734375 0.3589138388671875 0.6181531552734375 0.387575611328125 0.5052172158203125
0 0.3909979130859375 0.53858465234375 0.3803032216796875 0.5377290771484375 0.372175255859375 0.64510377734375 0.38244216015625 0.646387140625 0.3909979130859375 0.53858465234375
0 0.3738864072265625 0.6070306767578125 0.385436673828125 0.7319446708984375 0.3944202138671875 0.7263834306640625 0.384153310546875 0.606602888671875 0.3738864072265625 0.6070306767578125
0 0.307151533203125 0.771301134765625 0.21902727734375 0.6865991796875 0.2114659375 0.696548310546875 0.299023568359375 0.7815680380859376 0.307151533203125 0.771301134765625
0 0.1907932919921875 0.6814657275390625 0.1856598408203125 0.693015994140625 0.2630894052734375 0.7772901611328125 0.2690784326171875 0.7674510458984375 0.1907932919921875 0.6814657275390625
0 0.230149755859375 0.725100068359375 0.31613507421875 0.820924501953125 0.3221241015625 0.80851866015625 0.2399888720703125 0.719111041015625 0.230149755859375 0.725100068359375
0 0.02481168359375 0.731089095703125 0.0162559306640625 0.7417837861328125 0.118924966796875 0.8016740576171875 0.123630630859375 0.7969683935546875 0.02481168359375 0.731089095703125
0 0.1548591298828125 0.807235296875 0.0530456689453125 0.754617416015625 0.0504789423828125 0.760606443359375 0.151009041015625 0.816646625 0.1548591298828125 0.807235296875
0 0.0504789423828125 0.8277691044921875 0.0004277880859375 0.785418126953125 0 0.8046685712890626 0.0457732783203125 0.8358970693359375 0.0504789423828125 0.8277691044921875
0 0.0389967802734375 0.4558228349609375 0.0015502490234375 0.474960390625 0 0.4869576376953125 0.0473589599609375 0.47197826171875 0.0389967802734375 0.4558228349609375
0 0.0004200185546875 0.4513248212890625 0.03997427734375 0.4657008984375 0.0414099755859375 0.458587318359375 0 0.4431611953125 0.0004200185546875 0.4513248212890625
0 0 0.756927767578125 0.04933027734375 0.781483111328125 0.0501997294921875 0.768910181640625 0.001486673828125 0.748906849609375 0 0.756927767578125