0 0.7500747421875 0.955517314453125 0.7748097412109375 0.878976169921875 0.7743381533203125 0.8786534462890625 0.7627659306640625 0.87720505078125 0.7441615654296875 0.95794159765625 0.7500747421875 0.955517314453125
0 0.767742216796875 0.9320179775390625 0.7694831640625 0.9429156748046875 0.85715422265625 0.8659451943359375 0.8517935556640625 0.8586817763671875 0.767742216796875 0.9320179775390625
0 0.8603984296875 0.8836235107421875 0.861962380859375 0.8828963125 0.9577151376953125 0.818479298828125 0.958344708984375 0.80646634765625 0.855529580078125 0.8741802109375 0.8603984296875 0.8836235107421875
0 0.9384406884765625 0.5228946904296875 0.9706274716796875 0.5720972724609374 0.9714482353515626 0.556436181640625 0.9453779619140625 0.511105431640625 0.9384406884765625 0.5228946904296875
0 0.956042392578125 0.54105151953125 0.9709549052734375 0.56584946875 0.9717147919921875 0.5513499658203125 0.9592512177734375 0.5295866982421875 0.956042392578125 0.54105151953125
0 0.6654029697265625 0.493862998046875 0.791416703125 0.475486083984375 0.7908768486328125 0.466848306640625 0.6649920732421875 0.48603245703125 0.6654029697265625 0.493862998046875
0 0.6883881533203124 0.432661068359375 0.62417128515625 0.5328719140625 0.634759873046875 0.5386800751953125 0.697090392578125 0.437178337890625 0.6883881533203124 0.432661068359375
0 0.6477899013671875 0.4519718623046875 0.6510745693359375 0.4646449658203125 0.7581249521484374 0.4038123642578125 0.75233316015625 0.39122101171875 0.6477899013671875 0.4519718623046875
0 0.8364350302734375 0.378673693359375 0.9303340029296875 0.419564939453125 0.9433374296875 0.4115674658203125 0.837995193359375 0.3700350576171875 0.8364350302734375 0.378673693359375
0 0.6111717314453124 0.414690033203125 0.591167755859375 0.5261041552734375 0.602546541015625 0.5263416962890625 0.620535208984375 0.4128294453125 0.6111717314453124 0.414690033203125
0 0.5891285146484375 0.384506404296875 0.5817803466796875 0.388465123046875 0.5829459716796875 0.4956726962890625 0.592289216796875 0.4963147138671875 0.5891285146484375 0.384506404296875
0 0.5489045703125 0.29047359375 0.5796916923828125 0.412200287109375 0.5873622587890625 0.4102596611328125 0.5590620322265625 0.2909538203125 0.5489045703125 0.29047359375
0 0.6772888955078125 0.2553848193359375 0.77210573046875 0.3335724677734375 0.776044060546875 0.3240448447265625 0.683758369140625 0.2511842724609375 0.6772888955078125 0.2553848193359375
0 0.7382374541015625 0.2661776171875 0.818507140625 0.3505873349609375 0.828104517578125 0.3449323896484375 0.746976365234375 0.257778240234375 0.7382374541015625 0.2661776171875
0 0.674657888671875 0.220510986328125 0.7510941875 0.3098467333984375 0.7585915458984375 0.3041926455078125 0.6848115634765625 0.21307977734375 0.674657888671875 0.220510986328125
0 0.8186539189453125 0.164829955078125 0.9216824677734375 0.207654970703125 0.9266929306640626 0.199580029296875 0.8256152099609375 0.158449525390625 0.8186539189453125 0.164829955078125
0 0.92079548828125 0.111563046875 0.8691282958984375 0.0829467998046875 0.8708771494140625 0.0986875107421875 0.9227976650390625 0.1226122392578125 0.92079548828125 0.111563046875
0 0.92827453125 0.1568954375 0.8784622529296875 0.1430859560546875 0.8778170419921875 0.1535133369140625 0.9303849482421875 0.1701058798828125 0.92827453125 0.1568954375
0 0.862842794921875 0.170624400390625 0.8642815751953125 0.177001400390625 0.9363863818359375 0.2155604052734375 0.9342787880859375 0.199738390625 0.862842794921875 0.170624400390625
0 0.2558339501953125 0.1334139609375 0.2581716552734375 0.13753018359375 0.2578492578125 0.13551208984375 0.3672524990234375 0.1104414541015625 0.3615049541015625 0.100756326171875 0.25516513671875 0.1239689462890625 0.2558339501953125 0.1334139609375
0 0 0.266117984375 0.098877451171875 0.2420584755859375 0.0942665185546875 0.2342296494140625 0 0.255407599609375 0 0.266117984375
0 0.9557475771484375 0.503402330078125 0.974812330078125 0.4922454189453125 0.9753536826171875 0.4819158125 0.949621060546875 0.4931003642578125 0.9557475771484375 0.503402330078125
0 0.95347416015625 0.5135386396484375 0.9735258310546875 0.51679328515625 0.9741396083984375 0.5050817294921875 0.9525053125 0.5022524833984375 0.95347416015625 0.5135386396484375