0 0.1959704248046875 0.2882916240234375 0.3121558916015625 0.3175159462890625 0.316617830078125 0.3109134951171875 0.1937326455078125 0.2796104150390625 0.1959704248046875 0.2882916240234375
0 0.059073349609375 0.1752408583984375 0.0511857021484375 0.1187731552734375 0.04561168359375 0.1330174375 0.0536354208984375 0.17892659765625 0.059073349609375 0.1752408583984375
0 0.02589754296875 0.2684862529296875 0.09082026953125 0.3179638056640625 0.0938007275390625 0.3119182001953125 0.026908525390625 0.261539134765625 0.02589754296875 0.2684862529296875
0 0.1181479951171875 0.39963180078125 0.090318654296875 0.292540580078125 0.0826079560546875 0.29740894140625 0.1122220712890625 0.4018591806640625 0.1181479951171875 0.39963180078125
0 0.187950671875 0.463692923828125 0.1994992255859375 0.4613222978515625 0.1304338154296875 0.364374111328125 0.1237919951171875 0.3656598525390625 0.187950671875 0.463692923828125
0 0.159631453125 0.494695361328125 0.1436714560546875 0.3782174619140625 0.1335032861328125 0.3807259560546875 0.1535033330078125 0.4983121669921875 0.159631453125 0.494695361328125
0 0.2009787138671875 0.35011022265625 0.307725068359375 0.343151353515625 0.309325142578125 0.3369678798828125 0.20071041015625 0.342330525390625 0.2009787138671875 0.35011022265625
0 0.2768161650390625 0.3534556806640625 0.3826740068359375 0.3189205146484375 0.37737216796875 0.3120477080078125 0.2783151416015625 0.3479669189453125 0.2768161650390625 0.3534556806640625
0 0.351844830078125 0.3623588330078125 0.416681962890625 0.2969439521484375 0.4118681181640625 0.2915295029296875 0.3454484072265625 0.3581959404296875 0.351844830078125 0.3623588330078125
0 0.378604833984375 0.409434478515625 0.4117631435546875 0.3211210009765625 0.4069492998046875 0.3157065517578125 0.3699356396484375 0.4064542109375 0.378604833984375 0.409434478515625
0 0.3698462783203125 0.57066580859375 0.3810234375 0.4505549658203125 0.372455341796875 0.446879986328125 0.3618011689453125 0.558585353515625 0.3698462783203125 0.57066580859375
0 0.254450216796875 0.68036772265625 0.196367173828125 0.5935135947265625 0.19044125 0.5957409755859375 0.249803578125 0.6834276826171874 0.254450216796875 0.68036772265625
0 0.2752804208984375 0.7585675361328125 0.2045367451171875 0.681725865234375 0.1998901064453125 0.6847858251953125 0.2709195810546875 0.76447527734375 0.2752804208984375 0.7585675361328125
0 0.112272783203125 0.776822693359375 0.0380742734375 0.7285331435546875 0.0297744814453125 0.7326378603515625 0.101801318359375 0.781415322265625 0.112272783203125 0.776822693359375
0 0.5182725263671875 0.8258298798828125 0.4111081611328125 0.8116027255859375 0.4037905791015625 0.8165624619140625 0.519921212890625 0.833747443359375 0.5182725263671875 0.8258298798828125
0 0.8062145537109375 0.8729133046875 0.9186982548828125 0.88908134765625 0.915568087890625 0.88172062890625 0.81077758984375 0.8656161396484375 0.8062145537109375 0.8729133046875