0 0.7648481708984375 0.633747240234375 0.8903594462890625 0.633406666015625 0.889950615234375 0.6253400146484375 0.7609063134765625 0.6226051025390625 0.7648481708984375 0.633747240234375
0 0.72061466015625 0.6086459296875 0.7161777861328125 0.602758841796875 0.663481552734375 0.67606695703125 0.672713232421875 0.679985701171875 0.72061466015625 0.6086459296875
0 0.6729943515625 0.559702908203125 0.6627936904296875 0.654731455078125 0.674885107421875 0.6581451181640625 0.682785484375 0.5646326865234375 0.6729943515625 0.559702908203125
0 0.6894336796875 0.633378693359375 0.7970792275390625 0.5910598525390625 0.7924481181640625 0.584108876953125 0.68594230078125 0.62659637109375 0.6894336796875 0.633378693359375
0 0.7453283759765625 0.618327427734375 0.8678369267578125 0.5804125302734375 0.86166211328125 0.571144564453125 0.74029329296875 0.6092281123046875 0.7453283759765625 0.618327427734375
0 1 0.595273953125 0.95148705078125 0.514585595703125 0.9419957734375 0.521071248046875 1 0.620404091796875 1 0.595273953125
0 1 0.5862048251953125 0.984142205078125 0.58021810546875 0.9876384423828125 0.5929187412109375 1 0.597074564453125 1 0.5862048251953125
0 0.8448299189453125 0.48163039453125 0.9415793056640624 0.5581396181640625 0.94545522265625 0.5433970322265625 0.8488453525390625 0.4735222353515625 0.8448299189453125 0.48163039453125
0 0.867290666015625 0.43215980859375 0.9197335419921875 0.5401710263671875 0.9276651513671875 0.539140111328125 0.8814755244140625 0.4270648759765625 0.867290666015625 0.43215980859375
0 0.6199017890625 0.3952043720703125 0.65356409765625 0.51726106640625 0.6623196162109375 0.5127551015625 0.6326567763671875 0.390361978515625 0.6199017890625 0.3952043720703125
0 0.75122971875 0.32169658984375 0.838048455078125 0.386641607421875 0.8417945732421875 0.377101220703125 0.7560225576171875 0.3079019052734375 0.75122971875 0.32169658984375
0 0.7499129921875 0.242020349609375 0.837969330078125 0.3174752822265625 0.8379804345703125 0.303785240234375 0.753394654296875 0.2369660498046875 0.7499129921875 0.242020349609375
0 0.65383689453125 0.1690916953125 0.7359398388671875 0.260026078125 0.7391473271484374 0.24762123828125 0.6605982333984375 0.157908923828125 0.65383689453125 0.1690916953125
0 0.9577933251953125 0.0997143525390625 0.9269775234375 0.0824304296875 0.9269498642578125 0.0944261103515625 0.961682662109375 0.11710108203125 0.9577933251953125 0.0997143525390625
0 0.87911347265625 0.13559298046875 0.9601627578125 0.167891705078125 0.9659190234375 0.157256396484375 0.8853875439453125 0.1296755419921875 0.87911347265625 0.13559298046875
0 0.299440357421875 0.1621341494140625 0.41594901171875 0.137487228515625 0.4101108427734375 0.130009546875 0.2915871845703125 0.149833078125 0.299440357421875 0.1621341494140625
0 0.0788851220703125 0.2580601220703125 0.1969631611328125 0.2397950859375 0.1965286484375 0.227663541015625 0.074880794921875 0.25247823828125 0.0788851220703125 0.2580601220703125
0 0.07414295703125 0.1974862822265625 0.1844962314453125 0.1872446435546875 0.18716994921875 0.1778936630859375 0.0730400146484375 0.187692482421875 0.07414295703125 0.1974862822265625