0 0.3177461591796875 0.9788529052734375 0.241471162109375 0.991225169921875 0.24896913671875 0.9945961728515625 0.3206945693359375 0.9845228564453125 0.3177461591796875 0.9788529052734375
0 0.41642963671875 0.727277779296875 0.400732740234375 0.84433504296875 0.405973443359375 0.847365330078125 0.4067433779296875 0.845988712890625 0.4231926982421875 0.7290450205078125 0.41642963671875 0.727277779296875
0 0.4732543720703125 0.83064982421875 0.448206552734375 0.7171459072265625 0.441355939453125 0.722829611328125 0.46718244921875 0.8342118173828125 0.4732543720703125 0.83064982421875
0 0.4650045009765625 0.7629735458984375 0.4089146787109375 0.66120526171875 0.402860265625 0.6632770654296875 0.4596412255859375 0.7703745830078125 0.4650045009765625 0.7629735458984375
0 0.4816546650390625 0.6930843828125 0.3949513212890625 0.6307338017578125 0.38888815234375 0.63355069921875 0.477122611328125 0.693893140625 0.4816546650390625 0.6930843828125
0 0.5023641005859375 0.6626215693359375 0.421277408203125 0.635453912109375 0.4197025185546875 0.641187525390625 0.50758729296875 0.6671420458984375 0.5023641005859375 0.6626215693359375
0 0.55217957421875 0.9134724287109375 0.447819740234375 0.942505181640625 0.4492195244140625 0.9516734599609376 0.5543930703125 0.9175386171875 0.55217957421875 0.9134724287109375
0 0.598296849609375 0.8375812470703125 0.50709541796875 0.901442453125 0.508495203125 0.9106107314453125 0.60202394921875 0.841129484375 0.598296849609375 0.8375812470703125
0 0.4255971162109375 1 0.4643468037109375 0.9472390458984375 0.45842371875 0.9381344306640625 0.41479171875 1 0.4255971162109375 1
0 0.6816933466796875 0.860619052734375 0.523097693359375 0.8866902880859375 0.5282683544921875 0.89568133203125 0.6845629599609375 0.8729948525390625 0.6816933466796875 0.860619052734375
0 0.656007447265625 0.6731236298828125 0.5385592529296875 0.661367169921875 0.5339659111328126 0.66739158984375 0.65576230078125 0.69398627734375 0.656007447265625 0.6731236298828125
0 0.855513640625 0.6935339541015625 0.792702951171875 0.7788480673828125 0.8001396396484375 0.787434732421875 0.8577271357421875 0.697600142578125 0.855513640625 0.6935339541015625
0 0.882365041015625 0.6535483916015625 0.885900580078125 0.5451053017578125 0.8776239150390625 0.5438560107421875 0.882365041015625 0.6535483916015625
0 0.877686783203125 0.3460652353515625 0.873715591796875 0.2349962373046875 0.8714670751953125 0.233910427734375 0.8656392431640625 0.3449931796875 0.877686783203125 0.3460652353515625
0 0.900482923828125 0.8436335673828125 0.8684778447265625 0.9373296015625 0.904971203125 0.846550283203125 0.900482923828125 0.8436335673828125