0 0.001727109375 0.3885996904296875 0 0.39205391015625 0.082901267578125 0.44904853125 0.085779783203125 0.4404129833984375 0.0028785166015625 0.3862968779296875 0.001727109375 0.3885996904296875
0 0.0771442353515625 0.436383060546875 0.1249276044921875 0.5440395673828125 0.1329874501953125 0.5423124580078125 0.085779783203125 0.4346559501953125 0.0771442353515625 0.436383060546875
0 0.16983245703125 0.39320531640625 0.3022442041015625 0.4052950849609375 0.3005170947265625 0.3943567236328125 0.177892302734375 0.380539845703125 0.16983245703125 0.39320531640625
0 0.3598145283203125 0.3765099228515625 0.2613692734375 0.4415643896484375 0.2659748994140625 0.448472828125 0.364420154296875 0.383418361328125 0.3598145283203125 0.3765099228515625
0 0.197466212890625 0.4617140029296875 0.197466212890625 0.4588354873046875 0.3108797529296875 0.42889891796875 0.305698423828125 0.417960556640625 0.193436291015625 0.4507756416015625 0.197466212890625 0.4617140029296875
0 0.3839940654296875 0.3678743740234375 0.3327564755859375 0.4622897060546875 0.3413920244140625 0.46401681640625 0.3943567236328125 0.3684500771484375 0.3839940654296875 0.3678743740234375
0 0.3845697685546875 0.39205391015625 0.3672986708984375 0.4801365068359375 0.3747828134765625 0.4887720556640625 0.3960838330078125 0.3960838330078125 0.3845697685546875 0.39205391015625
0 0.12953323046875 0.493953384765625 0.20610176171875 0.588368716796875 0.215888716796875 0.5808845751953124 0.1358659658203125 0.4864692431640625 0.12953323046875 0.493953384765625
0 0.141047294921875 0.5089216689453125 0.176165193359375 0.623486615234375 0.1917091806640625 0.6200323955078125 0.1542884697265625 0.510648779296875 0.141047294921875 0.5089216689453125
0 0.370752890625 0.512375888671875 0.3759342197265625 0.6384548994140625 0.38975109765625 0.6367277900390625 0.380539845703125 0.511800185546875 0.370752890625 0.512375888671875
0 0.16810534765625 0.8589492431640625 0.271731931640625 0.883704482421875 0.2671263056640625 0.8721904169921875 0.16983245703125 0.849162287109375 0.16810534765625 0.8589492431640625
0 0.3206667080078125 0.80022751171875 0.4312017314453125 0.8422538486328125 0.4335045439453125 0.830739783203125 0.326999443359375 0.791016259765625 0.3206667080078125 0.80022751171875
0 0.4824393203125 0.8583735390625 0.6010341884765625 0.8531922099609375 0.597004265625 0.83995103515625 0.4818636171875 0.848010880859375 0.4824393203125 0.8583735390625
0 0.7858349306640625 0.846283771484375 0.91018683203125 0.8422538486328125 0.9073083154296875 0.8330425966796875 0.7846835244140625 0.83707251953125 0.7858349306640625 0.846283771484375
0 0.0018860595703125 0.238509580078125 0.0235772529296875 0.306733634765625 0.0344500087890625 0.304609177734375 0.0017894931640625 0.222690822265625 0.0018860595703125 0.238509580078125
0 0 0.25570742578125 0.015435322265625 0.2855955283203125 0.0225256806640625 0.279708146484375 0 0.2372340380859375 0 0.25570742578125
0 0 0.6745489443359375 0.0384517578125 0.6981117275390625 0.0391374345703125 0.6892713984375 0 0.660086068359375 0 0.6745489443359375
0 0 0.7995281787109375 0.04006309765625 0.8334250859375 0.0439224775390625 0.8222779453125 0 0.788645513671875 0 0.7995281787109375