0 0.0332217431640625 0.734247037109375 0.1083892939453125 0.755372029296875 0.11103081640625 0.7506210419921875 0.1088013037109375 0.74564459765625 0.0309688095703125 0.719601609375 0.0332217431640625 0.734247037109375
0 0.058564201171875 0.750629263671875 0.056451119140625 0.761024669921875 0.1172680439453125 0.8407897646484375 0.1232304130859375 0.833834455078125 0.058564201171875 0.750629263671875
0 0.161608873046875 0.95178280078125 0.170770142578125 0.9413206142578125 0.108640732421875 0.842827078125 0.099589701171875 0.8497573291015625 0.161608873046875 0.95178280078125
0 0.4539371943359375 0.931998369140625 0.3696273515625 0.9778047490234375 0.3819496337890625 0.9770151015625 0.4588093212890625 0.9358436240234375 0.4539371943359375 0.931998369140625
0 0.436781326171875 0.9455492490234375 0.377028927734375 0.9773304345703125 0.396166650390625 0.9761040341796875 0.443346828125 0.951416822265625 0.436781326171875 0.9455492490234375
0 0.6170564775390625 0.8300952548828125 0.6058414111328125 0.82652216796875 0.556956591796875 0.9274971865234375 0.5665651142578125 0.9287466845703125 0.6170564775390625 0.8300952548828125
0 0.5075155498046875 0.66151228515625 0.5131331630859375 0.78333394140625 0.52136991796875 0.7847675703125 0.516925833984375 0.6581716044921875 0.5075155498046875 0.66151228515625
0 0.5695200166015625 0.680890259765625 0.4722905888671875 0.6166100048828125 0.4691509306640625 0.6251108125 0.564972052734375 0.6916576572265625 0.5695200166015625 0.680890259765625
0 0.5961063671875 0.6013754736328125 0.4835628271484375 0.5837027998046875 0.4848007412109375 0.5969253193359375 0.5947165068359375 0.61125728515625 0.5961063671875 0.6013754736328125
0 0.6290193916015625 0.58449229296875 0.6241784140625 0.5772935498046875 0.516872328125 0.5759999755859375 0.5162323837890626 0.58647364453125 0.6290193916015625 0.58449229296875
0 0.60090134375 0.7440830947265625 0.55032360546875 0.6439934296875 0.542928287109375 0.6466019658203125 0.5927318720703125 0.7532590458984375 0.60090134375 0.7440830947265625
0 0.744146466796875 0.6735316552734375 0.6638844951171875 0.763929484375 0.6684450078125 0.7715746806640625 0.75358268359375 0.67639372265625 0.744146466796875 0.6735316552734375
0 0.6439578662109375 0.816443181640625 0.7367834345703125 0.7370398896484375 0.736530177734375 0.731175779296875 0.6407565419921875 0.8106798798828125 0.6439578662109375 0.816443181640625
0 0.781559982421875 0.6688046123046875 0.686335384765625 0.744696154296875 0.6939179091796875 0.749871376953125 0.790373216796875 0.6776484052734375 0.781559982421875 0.6688046123046875
0 0.720364640625 0.5490298857421875 0.59746917578125 0.5726036474609375 0.6018078525390625 0.587356345703125 0.72184860546875 0.5585625693359375 0.720364640625 0.5490298857421875
0 0.8181198388671875 0.8160683427734375 0.7694690576171875 0.918737751953125 0.777744810546875 0.92499954296875 0.8238214052734375 0.8232654736328125 0.8181198388671875 0.8160683427734375
0 0.810892689453125 0.8589149716796874 0.8013279912109375 0.85783958203125 0.75676587890625 0.9378422841796875 0.7686593603515625 0.9353611279296875 0.810892689453125 0.8589149716796874
0 0.8572414208984375 0.924355634765625 0.88389374609375 0.874183115234375 0.877495251953125 0.8753368798828125 0.847018619140625 0.9257278232421875 0.8572414208984375 0.924355634765625
0 0.922055708984375 0.3341026337890625 0.911655484375 0.2293327568359375 0.9036057216796874 0.2286438310546875 0.914963986328125 0.334169826171875 0.922055708984375 0.3341026337890625
0 0.8062595302734376 0 0.809443248046875 0.0631603349609375 0.81472795703125 0.0627458837890625 0.8133952451171875 0 0.8062595302734376 0
0 0.466278701171875 0.9528884931640625 0.4771460849609375 0.9709146357421875 0.487926115234375 0.9702238203125 0.4735666083984375 0.945243421875 0.466278701171875 0.9528884931640625
0 0.4642237314453125 0.94501362109375 0.456191107421875 0.9722574921875 0.4663978291015625 0.9716034150390624 0.4718920078125 0.9471523564453125 0.4642237314453125 0.94501362109375