0 0.830824458984375 0.9973916015625 0.7898631220703125 0.9401814013671875 0.7798811923828125 0.9424636259765625 0.8159820458984375 0.9984339306640625 0.830824458984375 0.9973916015625
0 0.71365688671875 0.9273489375 0.8286585859375 0.9635472421875 0.8255355712890625 0.949535484375 0.7193002548828125 0.914302779296875 0.71365688671875 0.9273489375
0 0.7396356318359375 0.7065240888671875 0.7767692529296875 0.8359490927734375 0.7880534326171875 0.8312035693359375 0.7485754189453125 0.709058740234375 0.7396356318359375 0.7065240888671875
0 0.7312194697265625 0.680234203125 0.765599892578125 0.60666440625 0.75058407421875 0.6061376826171875 0.725057587890625 0.674342005859375 0.7312194697265625 0.680234203125
0 0.7368440947265625 0.8237312021484375 0.7331260849609375 0.7046093837890625 0.7259220625 0.70353406640625 0.7260818369140625 0.818952689453125 0.7368440947265625 0.8237312021484375
0 0.715674060546875 0.7532718984375 0.726697279296875 0.7532883935546875 0.71959358984375 0.63914803125 0.7089171845703125 0.6422696435546875 0.715674060546875 0.7532718984375
0 0.6689027666015624 0.6506140205078125 0.73825775390625 0.615700083984375 0.7372173173828125 0.6062857666015625 0.656752408203125 0.6403986806640625 0.6689027666015624 0.6506140205078125
0 0.73153816796875 0.9181870458984375 0.7453409951171875 0.90061480078125 0.644143828125 0.8326130546875 0.6334665712890625 0.8428502646484375 0.73153816796875 0.9181870458984375
0 0.609420853515625 0.86746675390625 0.6067279453125 0.8858400205078125 0.7249436220703125 0.901256619140625 0.7217339052734375 0.886460333984375 0.609420853515625 0.86746675390625
0 0.4811425087890625 0.8037386689453125 0.565587240234375 0.876869955078125 0.5743553251953125 0.863604357421875 0.4880872744140625 0.79534480859375 0.4811425087890625 0.8037386689453125
0 0.412568701171875 0.838597744140625 0.5032645732421875 0.897058958984375 0.5135074619140625 0.8900147138671874 0.4262839736328125 0.8273565693359375 0.412568701171875 0.838597744140625
0 0.346780466796875 0.8060588935546875 0.458833408203125 0.8226988935546875 0.463087822265625 0.811331505859375 0.349212412109375 0.7924476455078125 0.346780466796875 0.8060588935546875
0 0.4664922451171875 0.649806892578125 0.5962547646484375 0.6414847509765625 0.594694109375 0.6273632744140625 0.47005303515625 0.6321632919921875 0.4664922451171875 0.649806892578125
0 0.244451900390625 0.76343629296875 0.1686911083984375 0.6549080888671875 0.16044409375 0.6657652470703125 0.2358589248046875 0.7640397470703125 0.244451900390625 0.76343629296875
0 0.2434267978515625 0.6259412080078125 0.3022694150390625 0.6739895166015625 0.3179805634765625 0.6665612568359375 0.2583559140625 0.62568340625 0.2434267978515625 0.6259412080078125
0 0.156465974609375 0.544289849609375 0.1237576181640625 0.4264133046875 0.1179416953125 0.4307748115234375 0.152559224609375 0.551679744140625 0.156465974609375 0.544289849609375
0 0.1787997822265625 0.3189772783203125 0.181735759765625 0.445269552734375 0.2029143125 0.4445728740234375 0.189214375 0.327733283203125 0.1787997822265625 0.3189772783203125