0 0.3077018232421875 0.0034610673828125 0.2642071298828125 0.1041096396484375 0.2734613203125 0.1071079970703125 0.32019498046875 0.0039237763671875 0.3077018232421875 0.0034610673828125
0 0.2674460966796875 0.04417950390625 0.2697596435546875 0.047418470703125 0.1795312900390625 0.1108096728515625 0.1906363173828125 0.1158994775390625 0.278551125 0.0534336943359375 0.2674460966796875 0.04417950390625
0 0.1730533564453125 0.090450455078125 0.068943716796875 0.137184115234375 0.075421650390625 0.1519908193359375 0.182307546875 0.0964656787109375 0.1730533564453125 0.090450455078125
0 0.0175829609375 0.339628779296875 0.010179609375 0.3387033603515625 0.0481336943359375 0.436937462890625 0.055062431640625 0.428469005859375 0.0175829609375 0.339628779296875
0 0.006940642578125 0.3178814326171875 0.0009254189453125 0.320657689453125 0.0384048896484375 0.4159758486328125 0.0434946943359375 0.4159758486328125 0.006940642578125 0.3178814326171875
0 0.1873973515625 0.5103685888671875 0.316956013671875 0.5154583935546875 0.311866208984375 0.50481607421875 0.187860060546875 0.5006516884765625 0.1873973515625 0.5103685888671875
0 0.352584646484375 0.4622467998046875 0.3507338076171875 0.463634927734375 0.27716299609375 0.561266634765625 0.2887307333984375 0.5658937294921875 0.35674903125 0.468724732421875 0.352584646484375 0.4622467998046875
0 0.332225427734375 0.559415796875 0.322045818359375 0.538593869140625 0.211920955078125 0.5871783671875 0.21886159765625 0.595507138671875 0.332225427734375 0.559415796875
0 0.37710825 0.4932483369140625 0.3484202607421875 0.6038359091796875 0.36322696484375 0.6033732001953125 0.389138697265625 0.492785626953125 0.37710825 0.4932483369140625
0 0.39098953515625 0.5237871640625 0.38358618359375 0.521936326171875 0.370167607421875 0.632061189453125 0.380347216796875 0.6343747373046875 0.39098953515625 0.5237871640625
0 0.3697048974609375 0.599208814453125 0.3849743115234375 0.7222895439453125 0.3933030830078125 0.7204387060546875 0.384048892578125 0.5982833955078125 0.3697048974609375 0.599208814453125
0 0.0421065654296875 0.54784805859375 0.14297723828125 0.609388423828125 0.1439026572265625 0.600596943359375 0.0578386884765625 0.5325786455078125 0.0421065654296875 0.54784805859375
0 0.1675008427734375 0.66445085546875 0.2452360400390625 0.759769013671875 0.24940042578125 0.747275857421875 0.1730533564453125 0.654733955078125 0.1675008427734375 0.66445085546875
0 0.00370167578125 0.7227522529296875 0.1054977685546875 0.7926213896484375 0.1064231875 0.7796655234375 0.010179609375 0.7162743203125 0.00370167578125 0.7227522529296875
0 0.1355738857421875 0.80742809375 0.1434399482421875 0.794009517578125 0.037479470703125 0.740797923828125 0.032389666015625 0.744036890625 0.1355738857421875 0.80742809375
0 0.2174734697265625 0.705632001953125 0.29983576171875 0.8032637080078125 0.29983576171875 0.795397646484375 0.225802240234375 0.697765939453125 0.2174734697265625 0.705632001953125
0 0 0.7582192451171875 0.049245970703125 0.7811719794921875 0.049245970703125 0.77316251171875 0.000374033203125 0.7462372890625 0 0.7582192451171875
0 0.0589682509765625 0.8326131376953125 0.001400689453125 0.7917687236328125 0.0015064501953125 0.7998143046875 0.053308744140625 0.8369828759765625 0.0589682509765625 0.8326131376953125
0 0.03449358984375 0.44259206640625 0.0006603623046875 0.45366860546875 0 0.4688878828125 0.0370473330078125 0.451527587890625 0.03449358984375 0.44259206640625
0 0 0.4416995458984375 0.03898456640625 0.456413234375 0.03898456640625 0.445653978515625 0 0.4277339248046875 0 0.4416995458984375