0 0.1399538798828125 0.9539725810546875 0.179490423828125 0.8994378564453125 0.169695125 0.896747265625 0.125238486328125 0.952324552734375 0.1399538798828125 0.9539725810546875
0 0.2416276513671875 0.8737283759765625 0.1335689052734375 0.9046532353515625 0.1295617607421875 0.9185467041015625 0.24641307421875 0.88701297265625 0.2416276513671875 0.8737283759765625
0 0.22560803515625 0.667158916015625 0.1784725654296875 0.787773080078125 0.1894071611328125 0.7929816396484375 0.2346737314453125 0.6649870498046875 0.22560803515625 0.667158916015625
0 0.2512523525390625 0.6333785107421875 0.230194984375 0.56408975390625 0.2152064619140625 0.5640047197265625 0.244738376953125 0.6390233193359375 0.2512523525390625 0.6333785107421875
0 0.240976486328125 0.7780404921875 0.2485229580078125 0.662554115234375 0.241279380859375 0.66333646484375 0.229952109375 0.782383373046875 0.240976486328125 0.7780404921875
0 0.269379962890625 0.60194344921875 0.2589467333984375 0.5983846220703125 0.2445663759765625 0.712308857421875 0.2555458623046875 0.7127416962890625 0.269379962890625 0.60194344921875
0 0.3214525439453125 0.6021976982421875 0.2434979541015625 0.5647828076171875 0.2418591826171875 0.574160771484375 0.30869772265625 0.6119243193359375 0.3214525439453125 0.6021976982421875
0 0.3316858984375 0.8057287607421875 0.32170725390625 0.79504972265625 0.2165688115234375 0.858970080078125 0.2291908505859375 0.877116283203125 0.3316858984375 0.8057287607421875
0 0.2409859404296875 0.8457688125 0.2368422314453125 0.860443779296875 0.3555643349609375 0.84983613671875 0.354058345703125 0.8313412763671875 0.2409859404296875 0.8457688125
0 0.4795150986328125 0.764118896484375 0.3892286142578125 0.82890578515625 0.3971120126953125 0.8425373349609375 0.4858943994140625 0.77280125 0.4795150986328125 0.764118896484375
0 0.5390183857421875 0.7986705703125 0.44813886328125 0.85781350390625 0.4578892705078125 0.86527981640625 0.5519584443359375 0.8104780595703125 0.5390183857421875 0.7986705703125
0 0.6180111455078126 0.766880884765625 0.5033897529296875 0.7811349453125 0.5068993134765625 0.7926830712890625 0.619562025390625 0.780600025390625 0.6180111455078126 0.766880884765625
0 0.5079204658203125 0.601567517578125 0.384093029296875 0.59168361328125 0.381634873046875 0.6057505595703125 0.51033751171875 0.6193676201171875 0.5079204658203125 0.601567517578125
0 0.732722322265625 0.743075384765625 0.814120783203125 0.6478118173828125 0.8066021865234375 0.63661149609375 0.7242028828125 0.742121263671875 0.732722322265625 0.743075384765625
0 0.71917220703125 0.6037129638671875 0.65717343359375 0.642186611328125 0.672345302734375 0.650260091796875 0.734024166015625 0.6045794931640625 0.71917220703125 0.6037129638671875
0 0.8292756357421875 0.5339743212890625 0.8714910107421875 0.4144027197265625 0.8659778759765625 0.409801330078125 0.8258577470703125 0.5264204169921874 0.8292756357421875 0.5339743212890625
0 0.8071030634765625 0.3083895693359375 0.785980494140625 0.4247458857421875 0.8070284091796875 0.4263063232421875 0.8180357685546875 0.3000524658203125 0.8071030634765625 0.3083895693359375