0 0.8630594853515625 0.2315663115234375 0.909407427734375 0.18799834375 0.9071788701171875 0.1767388935546875 0.8601050947265625 0.2200975859375 0.8630594853515625 0.2315663115234375
0 0.860362455078125 0.2955671865234375 0.8739419775390626 0.1811578828125 0.8630793623046875 0.1766411103515625 0.8455457265625 0.294526390625 0.860362455078125 0.2955671865234375
0 0.7786789990234375 0.3834163857421875 0.8414895068359375 0.2767391220703125 0.836458044921875 0.2680566240234375 0.773997796875 0.3732961943359375 0.7786789990234375 0.3834163857421875
0 0.635158806640625 0.2863357119140625 0.760094373046875 0.2364992744140625 0.7588423134765625 0.2295219443359375 0.635858486328125 0.2745357314453125 0.635158806640625 0.2863357119140625
0 0.529714892578125 0.280398677734375 0.6018235732421875 0.3096521318359375 0.6053763740234375 0.296982224609375 0.5308901630859375 0.2691974248046875 0.529714892578125 0.280398677734375
0 0.6321069130859375 0.302689009765625 0.751690263671875 0.293315404296875 0.74853542578125 0.2794808623046875 0.632456333984375 0.29232672265625 0.6321069130859375 0.302689009765625
0 0.5687879638671876 0.3253615302734375 0.683715427734375 0.3089523974609375 0.6839399365234375 0.3010159833984375 0.5677355146484375 0.3118254228515625 0.5687879638671876 0.3253615302734375
0 0.5745992431640625 0.3761210087890625 0.590016474609375 0.375334658203125 0.53990230859375 0.2908754990234375 0.539652064453125 0.291264953125 0.5372745341796875 0.292733607421875 0.5745992431640625 0.3761210087890625
0 0.8285008583984375 0.2866884423828125 0.8167879150390625 0.2888505654296875 0.820127927734375 0.409061396484375 0.82943844140625 0.409745560546875 0.8285008583984375 0.2866884423828125
0 0.6138608369140625 0.5631585283203125 0.592199837890625 0.4384346474609375 0.5812621064453125 0.43358848046875 0.5992192373046875 0.56139888671875 0.6138608369140625 0.5631585283203125
0 0.7719611123046874 0.5398097890625 0.8245862958984375 0.444967189453125 0.8167017138671875 0.4371546171875 0.762649759765625 0.530201029296875 0.7719611123046874 0.5398097890625
0 0.81714215625 0.5966890205078125 0.860507458984375 0.50733158203125 0.852297099609375 0.4951167705078125 0.807480962890625 0.5929802509765625 0.81714215625 0.5966890205078125
0 0.7930718251953125 0.6680678447265626 0.7925608720703124 0.557289318359375 0.7784193427734375 0.5502884736328125 0.7825852041015625 0.6696603388671875 0.7930718251953125 0.6680678447265626
0 0.636432845703125 0.794467974609375 0.6672357138671875 0.7228761513671875 0.6579994775390625 0.7135967861328125 0.6290483349609375 0.781414197265625 0.636432845703125 0.794467974609375
0 0.694029025390625 0.8641588828125 0.782520552734375 0.780888376953125 0.7763129853515625 0.7744825380859375 0.691375095703125 0.8540077314453125 0.694029025390625 0.8641588828125
0 0.4765655888671875 0.9245533564453124 0.5880875537109375 0.8902368349609375 0.582880962890625 0.8822731845703125 0.474537478515625 0.915659720703125 0.4765655888671875 0.9245533564453124
0 0.4680235908203125 0.8454641455078125 0.3526960693359375 0.8660662412109374 0.3551499716796875 0.878313873046875 0.4725993388671875 0.85595188671875 0.4680235908203125 0.8454641455078125