0 0.49059744140625 1 0.4684293798828125 0.9434690576171875 0.456910615234375 0.94894208203125 0.47622733203125 1 0.49059744140625 1
0 0.5469835283203125 0.750227802734375 0.5292619951171875 0.8748929658203125 0.5444052294921875 0.8731060400390624 0.5626821748046875 0.7499210546875 0.5469835283203125 0.750227802734375
0 0.49990216796875 0.7683098515625 0.5046893046875 0.7727715791015625 0.58638073828125 0.7004512939453125 0.5822526953125 0.69310029296875 0.49990216796875 0.7683098515625
0 0.466949650390625 0.8344650595703125 0.4798003447265625 0.8368555439453125 0.5331551103515625 0.732157185546875 0.523844255859375 0.7299088583984376 0.466949650390625 0.8344650595703125
0 0.4642444052734375 0.9520273857421875 0.4714891318359375 0.941800837890625 0.3795401396484375 0.863340263671875 0.3743478017578125 0.872399630859375 0.4642444052734375 0.9520273857421875
0 0.6021555869140625 0.6684909912109375 0.498365068359375 0.690876857421875 0.4982941767578125 0.7009749677734375 0.6018022265625 0.6798273623046875 0.6021555869140625 0.6684909912109375
0 0.5748112275390626 0.6689548515625 0.5749244345703125 0.6606287109375 0.4965020888671875 0.65206433984375 0.49451528125 0.664688849609375 0.5748112275390626 0.6689548515625
0 0.3446667314453125 0.6051462978515625 0.4614380078125 0.647219765625 0.463980228515625 0.6360754326171875 0.346738169921875 0.5960657294921875 0.3446667314453125 0.6051462978515625
0 0.4235003466796875 0.8879109541015625 0.4299495068359375 0.8792144609375 0.35720199609375 0.7772618837890625 0.3473685205078125 0.779262046875 0.4235003466796875 0.8879109541015625
0 0.310924884765625 0.7863374345703125 0.310246740234375 0.79714009375 0.4089273623046875 0.8656659169921875 0.4145386396484375 0.8567275087890625 0.310924884765625 0.7863374345703125
0 0.237477599609375 0.963455630859375 0.217600166015625 0.9194419140625 0.208562255859375 0.9199120224609375 0.2208564404296875 0.959976521484375 0.237477599609375 0.963455630859375
0 0.0793678232421875 0.7365510146484375 0.090646435546875 0.7340882197265625 0.085993748046875 0.6350785830078125 0.073552470703125 0.63676575 0.0793678232421875 0.7365510146484375
0 0.1535470673828125 0.4759678916015625 0.1618707548828125 0.5980343486328125 0.1727399501953125 0.5914939013671875 0.1624812958984375 0.4798672314453125 0.1535470673828125 0.4759678916015625
0 0.159714853515625 0.4293554677734375 0.19254151953125 0.3187301591796875 0.1821103154296875 0.31747817578125 0.15064415234375 0.4240969130859375 0.159714853515625 0.4293554677734375
0 0.2620616689453125 0.01984703125 0.23276531640625 0.1345711943359375 0.2420243291015625 0.1390042451171875 0.2697295498046875 0.027340189453125 0.2620616689453125 0.01984703125
0 0.1135346826171875 0.9269603994140625 0.09380901953125 0.880619294921875 0.08354153125 0.8802369833984375 0.1054416396484375 0.92665352734375 0.1135346826171875 0.9269603994140625