0 0.186355693359375 0.92717550390625 0.1776321953125 0.808491423828125 0.1654004248046875 0.8166593564453125 0.176469283203125 0.9266414833984375 0.186355693359375 0.92717550390625
0 0.084631505859375 0.7813963408203125 0.156398412109375 0.86976164453125 0.1682584560546875 0.8673511982421875 0.0959157353515625 0.7723657705078125 0.084631505859375 0.7813963408203125
0 0 0.730214228515625 0.0813855849609375 0.8109527490234375 0.0944968662109375 0.7995215849609375 0.0057997646484375 0.7126761533203125 0 0.7155483134765624 0 0.730214228515625
0 0 0.514516162109375 0.05650560546875 0.4435449228515625 0.0476845693359375 0.4368689287109375 0 0.49711540234375 0 0.514516162109375
0 0 0.5080660537109375 0.0388319599609375 0.456579767578125 0.03034337109375 0.446481158203125 0 0.4887669619140625 0 0.5080660537109375
0 0.1951440498046875 0.2903653193359375 0.083137103515625 0.322843119140625 0.0911859384765625 0.334573345703125 0.19235893359375 0.300698888671875 0.1951440498046875 0.2903653193359375
0 0.197048900390625 0.405889677734375 0.2004673388671875 0.41509771484375 0.3195517080078125 0.4439263046875 0.32124269921875 0.433273970703125 0.197048900390625 0.405889677734375
0 0.30145447265625 0.384102001953125 0.3358716953125 0.495020720703125 0.348532697265625 0.494016783203125 0.309670939453125 0.3776971318359375 0.30145447265625 0.384102001953125
0 0.2578886474609375 0.3268294423828125 0.250111935546875 0.3316026953125 0.339552486328125 0.406933154296875 0.3489311103515625 0.404972921875 0.2578886474609375 0.3268294423828125
0 0.38025539453125 0.356614330078125 0.3728208994140625 0.47176405078125 0.3879240439453125 0.4726447724609375 0.3895267109375 0.352863095703125 0.38025539453125 0.356614330078125
0 0.3876336943359375 0.4408849384765625 0.397520103515625 0.441418958984375 0.41836675390625 0.337802294921875 0.408705484375 0.3320546611328125 0.3876336943359375 0.4408849384765625
0 0.4429432421875 0.257562275390625 0.39647089453125 0.373070169921875 0.4051846240234375 0.377955166015625 0.4505628447265625 0.262128505859375 0.4429432421875 0.257562275390625
0 0.1389544375 0.142014708984375 0.2537542041015625 0.123255306640625 0.250003318359375 0.117469884765625 0.138564484375 0.1325158427734375 0.1389544375 0.142014708984375
0 0.2174621923828125 0.1156147822265625 0.0990370771484375 0.1456361142578125 0.1076722509765625 0.1551908525390625 0.2196791962890625 0.1227130546875 0.2174621923828125 0.1156147822265625
0 0.364347166015625 0.1748328623046875 0.25654908984375 0.2267208212890625 0.262956734375 0.2379728974609375 0.3656453818359375 0.1875292373046875 0.364347166015625 0.1748328623046875
0 0.2793398681640625 0.2362936416015625 0.284506802734375 0.2477708271484375 0.401576193359375 0.1921316357421875 0.3917395869140625 0.1804671328125 0.2793398681640625 0.2362936416015625
0 0.3143049111328125 0.2247770498046875 0.421634478515625 0.1680599677734375 0.4164675439453125 0.156582783203125 0.308737498046875 0.212596611328125 0.3143049111328125 0.2247770498046875
0 0.0061745986328125 0.3892872060546875 0.042186927734375 0.42297203125 0.0491512685546875 0.4177611748046875 0.0128553701171875 0.3801681025390625 0.0061745986328125 0.3892872060546875
0 0 0.427404705078125 0.04366776953125 0.4242227392578125 0.04679637109375 0.410777568359375 0 0.413300068359375 0 0.427404705078125
0 0.0273150537109375 0.318933693359375 0.0788259951171875 0.3104809140625 0.079156498046875 0.3011186103515625 0.0272735654296875 0.309009423828125 0.0273150537109375 0.318933693359375
0 0.072015796875 0.143003083984375 0.1299528935546875 0.1342495029296875 0.1296391943359375 0.121162212890625 0.074326763671875 0.13442874609375 0.072015796875 0.143003083984375
0 0.08518637890625 0.100855302734375 0.148257158203125 0.0798912138671875 0.1465023427734375 0.06598321875 0.085589865234375 0.09263944921875 0.08518637890625 0.100855302734375