0 0 0.4070392294921875 0.09437391015625 0.3560841171875 0.0870952060546875 0.3477285849609375 0 0.3914831611328125 0 0.4070392294921875
0 0.0427248173828125 0.3650908310546875 0.0865295341796875 0.2677071689453125 0.0790037900390625 0.26399034765625 0.033101796875 0.35931805078125 0.0427248173828125 0.3650908310546875
0 0.053819603515625 0.2629440810546875 0.0667582158203125 0.2712044951171875 0.101341673828125 0.155324525390625 0.09071617578125 0.1502468212890625 0.053819603515625 0.2629440810546875
0 0.2549036513671875 0.05920671875 0.250642755859375 0.0700474150390625 0.3480791923828125 0.09661687890625 0.3540551298828125 0.0876398369140625 0.2549036513671875 0.05920671875
0 0.2749254111328125 0.070382810546875 0.2715559814453125 0.0799694052734375 0.3712055390625 0.1062763818359375 0.3717839482421875 0.0974801640625 0.2749254111328125 0.070382810546875
0 0.5596117236328125 0.1818197255859375 0.5696413125 0.1790424404296875 0.4915999599609375 0.0922409482421875 0.48085826171875 0.099468947265625 0.5596117236328125 0.1818197255859375
0 0.4986066611328125 0.351400458984375 0.4713948876953125 0.2236403076171875 0.461280205078125 0.2280154140625 0.4865903232421875 0.3540164521484375 0.4986066611328125 0.351400458984375
0 0.541340548828125 0.30902039453125 0.450720474609375 0.385262173828125 0.4555538935546875 0.3961999384765625 0.545494099609375 0.31845106640625 0.541340548828125 0.30902039453125
0 0.596710724609375 0.375488734375 0.4910807158203125 0.4142144833984375 0.4908782880859375 0.423367931640625 0.5987180849609375 0.385967818359375 0.596710724609375 0.375488734375
0 0.5222631904296875 0.4156762099609375 0.5235055888671875 0.4262460224609375 0.634786830078125 0.40272729296875 0.634914912109375 0.3931857314453125 0.5222631904296875 0.4156762099609375
0 0.529618947265625 0.356057826171875 0.5449602763671875 0.3605891845703125 0.5700623662109375 0.242501640625 0.556452505859375 0.2429250380859375 0.529618947265625 0.356057826171875
0 0.710984677734375 0.4063916875 0.7121115078125 0.3959378046875 0.5909403916015625 0.3964166611328125 0.589887908203125 0.4072586591796875 0.710984677734375 0.4063916875
0 0.73942147265625 0.138265220703125 0.6657969423828125 0.0504510751953125 0.6538777978515625 0.049547896484375 0.7341410908203125 0.139288431640625 0.73942147265625 0.138265220703125
0 0.747706197265625 0.1753880966796875 0.7557812783203125 0.166491708984375 0.6847311640625 0.0733039736328125 0.677378939453125 0.0757637109375 0.747706197265625 0.1753880966796875
0 0.65942576171875 0.214834626953125 0.6511168935546875 0.22455260546875 0.7448408330078125 0.295204509765625 0.7522674052734375 0.29313288671875 0.65942576171875 0.214834626953125
0 0.662048505859375 0.2387364169921875 0.6562047099609375 0.2449865693359375 0.7582679931640625 0.3285420107421875 0.760733064453125 0.3250741845703125 0.662048505859375 0.2387364169921875
0 0.793306630859375 0.3378819501953125 0.6950466591796876 0.2578447392578125 0.691349052734375 0.2630464794921875 0.7905226787109375 0.3437691904296875 0.793306630859375 0.3378819501953125
0 0.395251013671875 0.0413416044921875 0.382529462890625 0.0811354482421875 0.3892540966796875 0.0871362744140625 0.4024151630859375 0.0415723603515625 0.395251013671875 0.0413416044921875
0 0.361477474609375 0.046901228515625 0.3815207412109375 0.082778658203125 0.388832451171875 0.0791268408203125 0.3655223427734375 0.044479087890625 0.361477474609375 0.046901228515625