0 0.031578478515625 0.1890132138671875 0.0750560947265625 0.3052586279296875 0.081463322265625 0.2961054453125 0.043477615234375 0.1885555546875 0.031578478515625 0.1890132138671875
0 0.1647572802734375 0.2375250791015625 0.2915288544921875 0.264526966796875 0.2896982177734375 0.2540008076171875 0.165214939453125 0.228829556640625 0.1647572802734375 0.2375250791015625
0 0.3267686064453125 0.2745954677734375 0.398163427734375 0.2393557158203125 0.3908408818359375 0.2306601923828125 0.326310947265625 0.2599503759765625 0.3267686064453125 0.2745954677734375
0 0.3899255634765625 0.250797193359375 0.3565164482421875 0.328141583984375 0.3720768583984375 0.3336334931640625 0.4009093828125 0.25171251171875 0.3899255634765625 0.250797193359375
0 0.25171251171875 0.29290183203125 0.36292367578125 0.2956477861328125 0.3592624033203125 0.2828333310546875 0.249881875 0.2837486494140625 0.25171251171875 0.29290183203125
0 0.1784870537109375 0.285121626953125 0.302055013671875 0.2777990810546875 0.29976671875 0.2700188759765625 0.17986003125 0.275053126953125 0.1784870537109375 0.285121626953125
0 0.089701185546875 0.276426103515625 0.0832939580078125 0.28420630859375 0.16429962109375 0.375738130859375 0.1743681220703125 0.363838994140625 0.089701185546875 0.276426103515625
0 0.11304180078125 0.2906135361328125 0.0970237314453125 0.28924055859375 0.120822005859375 0.408231927734375 0.1386707109375 0.403197677734375 0.11304180078125 0.2906135361328125
0 0.367500267578125 0.408231927734375 0.375738130859375 0.531799888671875 0.3899255634765625 0.5263079794921875 0.3807723818359375 0.403197677734375 0.367500267578125 0.408231927734375
0 0.1409590068359375 0.4251653154296875 0.1359247568359375 0.4370644521484375 0.2059466005859375 0.519900751953125 0.2118961689453125 0.5075439560546875 0.1409590068359375 0.4251653154296875
0 0.1148724375 0.4901529091796875 0.1112111640625 0.5020520458984375 0.173910462890625 0.5803117548828125 0.180775349609375 0.5688702763671875 0.1148724375 0.4901529091796875
0 0.187640236328125 0.5253926611328125 0.20045469140625 0.637976802734375 0.215099783203125 0.6324848935546875 0.1972510771484375 0.5217313876953125 0.187640236328125 0.5253926611328125
0 0.3496515615234375 0.6640633720703125 0.3899255634765625 0.7432383984375 0.39404449609375 0.7272203291015625 0.353770494140625 0.6530795537109375 0.3496515615234375 0.6640633720703125
0 0.2009123505859375 0.72264373828125 0.286952263671875 0.8068530146484375 0.29290183203125 0.7995304697265625 0.208234896484375 0.711659919921875 0.2009123505859375 0.72264373828125
0 0.3414136982421875 0.8306512890625 0.452167203125 0.8713829501953125 0.457201453125 0.8608567900390625 0.34415965234375 0.8192098115234375 0.3414136982421875 0.8306512890625
0 0 0.7384752958984375 0.02254218359375 0.750232236328125 0.02610608203125 0.738086013671875 0 0.728673822265625 0 0.7384752958984375
0 0 0.7962249306640625 0.0265466650390625 0.8167120634765626 0.0265466650390625 0.8073662607421875 0 0.7864355263671875 0 0.7962249306640625
0 0.8728230888671875 0.7921238828125 0.8728230888671875 0.8034764521484375 0.9884491005859375 0.806083740234375 0.988258986328125 0.7925192001953125 0.8728230888671875 0.7921238828125
0 0.054937142578125 0.230241095703125 0.0033405888671875 0.2018023349609375 0 0.212128888671875 0.0545207001953125 0.2436034501953125 0.054937142578125 0.230241095703125