0 0.30353769140625 0.014194208984375 0.2678701923828125 0.1117338984375 0.2744213662109375 0.1161013466796875 0.3159121298828125 0.0145581630859375 0.30353769140625 0.014194208984375
0 0.181249125 0.1237443828125 0.1816130791015625 0.12847578515625 0.276969044921875 0.06660359375 0.2729655498046875 0.0585966044921875 0.1801572626953125 0.118649025390625 0.181249125 0.1237443828125
0 0.07388267578125 0.1612316513671875 0.1837968037109375 0.11027808203125 0.17360608984375 0.1008152763671875 0.1721502734375 0.1015431845703125 0.0706070888671875 0.1539525703125 0.07388267578125 0.1612316513671875
0 0.01674188671875 0.3486679951171875 0.0090988515625 0.331562154296875 0.0003639541015625 0.3326540166015625 0.03785122265625 0.42910184375 0.0458582119140625 0.42145880859375 0.01674188671875 0.3486679951171875
0 0.049133798828125 0.4458437314453125 0.0564128798828125 0.43965651171875 0.0163779326171875 0.348304041015625 0.01346630078125 0.354127306640625 0.049133798828125 0.4458437314453125
0 0.34575636328125 0.47277633203125 0.281700447265625 0.574683470703125 0.2904353447265625 0.57541137890625 0.3530354443359375 0.476415873046875 0.34575636328125 0.47277633203125
0 0.1892561142578125 0.51972640625 0.316276083984375 0.5244578095703125 0.31554817578125 0.51499500390625 0.192531701171875 0.514267095703125 0.1892561142578125 0.51972640625
0 0.385791310546875 0.5048042900390625 0.374508734375 0.5040763818359375 0.3493959033203125 0.615446326171875 0.36249825 0.6172660966796875 0.385791310546875 0.5048042900390625
0 0.3293784296875 0.5666764814453125 0.3235551650390625 0.5528462265625 0.216552669921875 0.59943234765625 0.2180084853515625 0.611078876953125 0.3293784296875 0.5666764814453125
0 0.0600524208984375 0.5510264560546875 0.05422915625 0.561945078125 0.1470374423828125 0.6205416826171875 0.1528607080078125 0.6121707392578125 0.0600524208984375 0.5510264560546875
0 0.3916145751953125 0.5357403857421875 0.380695953125 0.535376431640625 0.3719610556640625 0.6438347431640625 0.381423861328125 0.645654513671875 0.3916145751953125 0.5357403857421875
0 0.3836075859375 0.7297279033203125 0.3959820244140625 0.7224488212890625 0.3803319990234375 0.6037997958984375 0.3719610556640625 0.6088951533203125 0.3836075859375 0.7297279033203125
0 0.2161887158203125 0.6856894609375 0.2103654501953125 0.6951522666015625 0.2980783798828125 0.78068147265625 0.3049935078125 0.7774058857421875 0.30826909375 0.7723105283203126 0.2161887158203125 0.6856894609375
0 0.2689620546875 0.7723105283203126 0.1892561142578125 0.6831417822265625 0.181977033203125 0.686417369140625 0.26423065234375 0.7744942529296875 0.2689620546875 0.7723105283203126
0 0.228927107421875 0.7224488212890625 0.3122725888671875 0.814893154296875 0.3170039921875 0.808705935546875 0.2420294541015625 0.7184453271484375 0.228927107421875 0.7224488212890625
0 0.0575047421875 0.7639395849609375 0.148857212890625 0.8159850166015625 0.1557723408203125 0.807250119140625 0.061144283203125 0.7555686416015625 0.0575047421875 0.7639395849609375
0 0.014194208984375 0.739190708984375 0.1182850712890625 0.801062900390625 0.1226525205078125 0.793783818359375 0.024748876953125 0.730819765625 0.014194208984375 0.739190708984375
0 0.0003639541015625 0.79160009375 0 0.8017908076171875 0.0451303046875 0.8327269033203125 0.05422915625 0.825447822265625 0.0003639541015625 0.79160009375
0 0 0.7581163203125 0.04986170703125 0.781773333984375 0.0502256611328125 0.7763140234375 0.00145581640625 0.74901746875 0 0.7581163203125
0 0.0346521591796875 0.458343158203125 0 0.47211753125 0.0008983896484375 0.48322742578125 0.04000064453125 0.46610780859375 0.0346521591796875 0.458343158203125
0 0 0.450720798828125 0.0366219189453125 0.4638311455078125 0.0427041826171875 0.454001873046875 0 0.4436173857421875 0 0.450720798828125