0 0.5111455244140625 0.915216486328125 0.4711507666015625 0.9973266220703125 0.4868574033203125 0.9972352431640625 0.5222033779296875 0.922282291015625 0.5111455244140625 0.915216486328125
0 0.4555156142578125 0.838327306640625 0.4466154599609375 0.7115007529296875 0.431045845703125 0.7090054560546875 0.4406008994140625 0.8344329716796876 0.4555156142578125 0.838327306640625
0 0.4870464853515625 0.7398867578125 0.4921121689453125 0.736103732421875 0.4155747900390625 0.6495967265625 0.4109620517578125 0.65635375390625 0.4870464853515625 0.7398867578125
0 0.5072926494140625 0.8072823310546875 0.520222064453125 0.8066899306640625 0.47101407421875 0.6944593095703125 0.4616101513671875 0.69540356640625 0.5072926494140625 0.8072823310546875
0 0.50822316796875 0.91312570703125 0.5147045556640625 0.9243371611328125 0.6095417568359375 0.85744428515625 0.6050172333984375 0.8476833310546875 0.50822316796875 0.91312570703125
0 0.499042470703125 0.65907766796875 0.397525732421875 0.6222729951171875 0.3970855498046875 0.6336304541015625 0.498408169921875 0.669160552734375 0.499042470703125 0.65907766796875
0 0.425118873046875 0.618227884765625 0.4246502548828125 0.626549109375 0.5046934228515625 0.6334916728515625 0.50360125 0.620621482421875 0.425118873046875 0.618227884765625
0 0.5387630244140625 0.620678943359375 0.6576698896484375 0.59499486328125 0.6562463486328125 0.58564799609375 0.5370159521484374 0.6092077900390624 0.5387630244140625 0.620678943359375
0 0.553845662109375 0.8564880322265624 0.5596437138671875 0.8660622880859375 0.6428357783203125 0.76830081640625 0.6332093017578125 0.7649342646484375 0.553845662109375 0.8564880322265624
0 0.6784554228515625 0.791311353515625 0.6785358017578125 0.7804409853515625 0.57072015234375 0.8362061796875 0.5756691845703125 0.845904900390625 0.6784554228515625 0.791311353515625
0 0.761931880859375 0.92622937890625 0.739119177734375 0.967361560546875 0.755869181640625 0.96620906640625 0.7708750224609375 0.927958732421875 0.761931880859375 0.92622937890625
0 0.90095034765625 0.759041427734375 0.911979767578125 0.76307099609375 0.9247188701171875 0.6643448876953125 0.9124806259765625 0.6609268740234375 0.90095034765625 0.759041427734375
0 0.8397089814453125 0.61339306640625 0.8564941376953125 0.492790986328125 0.8473490400390625 0.495434673828125 0.829370734375 0.60535308203125 0.8397089814453125 0.61339306640625
0 0.828740015625 0.3305061767578125 0.85362153125 0.44543433203125 0.86299701953125 0.441453841796875 0.8391870771484375 0.3307120283203125 0.828740015625 0.3305061767578125
0 0.8016437041015625 0.1411956435546875 0.780554341796875 0.02267116015625 0.77241611328125 0.0290763330078125 0.7921388037109375 0.144326419921875 0.8016437041015625 0.1411956435546875
0 0.8875836240234375 0.904767044921875 0.864759234375 0.9482419912109376 0.872818208984375 0.9490645263671875 0.8978074013671875 0.9058175751953125 0.8875836240234375 0.904767044921875