0 0.79404924609375 0.0739125654296875 0.6760497490234375 0.11506265234375 0.694882662109375 0.1277319814453125 0.799260087890625 0.09017226171875 0.79404924609375 0.0739125654296875
0 0.7544266650390625 0.200582765625 0.7313126103515625 0.3312443662109375 0.742706244140625 0.33544627734375 0.770951734375 0.207413857421875 0.7544266650390625 0.200582765625
0 0.776894140625 0.446833537109375 0.7309622841796874 0.3686885712890625 0.7161763662109375 0.3676560048828125 0.72074573046875 0.3713813466796875 0.768433283203125 0.45816452734375 0.776894140625 0.446833537109375
0 0.7523611044921875 0.4314953154296875 0.6617509453125 0.3928082978515625 0.6595258173828125 0.4011685126953125 0.75072120703125 0.4427349365234375 0.7523611044921875 0.4314953154296875
0 0.7026399384765625 0.28836711328125 0.70728577734375 0.40280068359375 0.7169832705078125 0.408587267578125 0.713445033203125 0.289121681640625 0.7026399384765625 0.28836711328125
0 0.714221400390625 0.1296501982421875 0.7062299755859375 0.1239827568359375 0.6129024755859375 0.2043244697265625 0.6254831162109376 0.2171248818359375 0.714221400390625 0.1296501982421875
0 0.7046099306640625 0.1386300068359375 0.5808011279296875 0.158369240234375 0.5831288203125 0.1676151083984375 0.704695953125 0.153396400390625 0.7046099306640625 0.1386300068359375
0 0.5947217236328125 0.4011846103515625 0.4685025146484375 0.3974795224609375 0.473710046875 0.4131712802734375 0.5970659609375 0.41327016796875 0.5947217236328125 0.4011846103515625
0 0.4693351279296875 0.2476629892578125 0.557031982421875 0.1765790849609375 0.55358676171875 0.1706614189453125 0.468108419921875 0.23224923046875 0.4693351279296875 0.2476629892578125
0 0.4846298017578125 0.1408667314453125 0.403105814453125 0.1981890380859375 0.4105550185546875 0.20836026953125 0.4937850732421875 0.1511571064453125 0.4846298017578125 0.1408667314453125
0 0.445291375 0.21873396484375 0.3362089345703125 0.229282876953125 0.3374290263671875 0.243560759765625 0.4538746474609375 0.228416685546875 0.445291375 0.21873396484375
0 0.3131709765625 0.3730070556640625 0.23835215234375 0.41036015625 0.2548408271484375 0.4109439267578125 0.3240058466796875 0.3788730673828125 0.3131709765625 0.3730070556640625
0 0.2357130771484375 0.250082451171875 0.164660400390625 0.3484432197265625 0.17775679296875 0.3521963349609375 0.2465777236328125 0.2610599052734375 0.2357130771484375 0.250082451171875
0 0.1489032900390625 0.571019435546875 0.1647104072265625 0.454607943359375 0.152734849609375 0.4480945654296875 0.14034317578125 0.5653122802734375 0.1489032900390625 0.571019435546875
0 0.206284646484375 0.5653756103515625 0.2092806640625 0.68934498828125 0.223484658203125 0.688066087890625 0.2176650458984375 0.5673057685546875 0.206284646484375 0.5653756103515625
0 0.7245445849609375 0.34042274609375 0.7175975205078124 0.2212868134765625 0.7073379560546875 0.216596392578125 0.7148768701171875 0.3397476064453125 0.7245445849609375 0.34042274609375
0 0.2036299658203125 0.0345373203125 0.2217652333984375 0.0116222236328125 0.203808365234375 0.0106811435546875 0.1944235283203125 0.0289836083984375 0.2036299658203125 0.0345373203125
0 0.2658137880859375 0.043073888671875 0.280447908203125 0.01469765234375 0.2653864169921875 0.0139083125 0.257629912109375 0.0393835654296875 0.2658137880859375 0.043073888671875
0 0.285198517578125 0.04144225 0.3029614794921875 0.0158775380859375 0.29588984765625 0.0155069296875 0.27917433984375 0.039519341796875 0.285198517578125 0.04144225