0 0.6944691865234375 0.0159796396484375 0.5834982021484375 0.069209361328125 0.5848971513671875 0.0814317578125 0.6946858701171875 0.0283116787109375 0.6944691865234375 0.0159796396484375
0 0.6747744052734375 0.141915650390625 0.6528285908203125 0.2745305849609375 0.6681980595703125 0.2731052333984375 0.68429444921875 0.1445619501953125 0.6747744052734375 0.141915650390625
0 0.6298333046875 0.3137195478515625 0.6866380400390625 0.3790351474609375 0.69300637109375 0.3707979951171875 0.6421542421875 0.307283142578125 0.6298333046875 0.3137195478515625
0 0.615410431640625 0.1668315087890625 0.635290634765625 0.287332779296875 0.645236720703125 0.2805284189453125 0.630147494140625 0.1631120185546875 0.615410431640625 0.1668315087890625
0 0.619624927734375 0.23820067578125 0.638168091796875 0.3500029892578125 0.654128693359375 0.34852281640625 0.6320180927734375 0.23587494921875 0.619624927734375 0.23820067578125
0 0.6775234013671875 0.36576370703125 0.5829759970703124 0.342769322265625 0.57728134765625 0.355649572265625 0.6717874775390625 0.376294998046875 0.6775234013671875 0.36576370703125
0 0.5199310849609375 0.3603799892578125 0.39887255078125 0.37866521484375 0.400841998046875 0.389658310546875 0.5261106953125 0.3751000146484375 0.5199310849609375 0.3603799892578125
0 0.60914394140625 0.0797713291015625 0.5224064345703126 0.16428087890625 0.5355042353515626 0.16835997265625 0.616402634765625 0.0885093134765625 0.60914394140625 0.0797713291015625
0 0.4744244365234375 0.1293215 0.47885128125 0.145380470703125 0.599548677734375 0.1065418466796875 0.5986995859375 0.091915669921875 0.4768611982421875 0.13321289453125 0.4744244365234375 0.1293215
0 0.4317669716796875 0.1615109638671875 0.352019884765625 0.23949026171875 0.3621620166015625 0.2438434609375 0.444906044921875 0.1679390166015625 0.4317669716796875 0.1615109638671875
0 0.3669722880859375 0.146933078125 0.2795714208984375 0.2273867705078125 0.2897960986328125 0.2364378896484375 0.3754442041015625 0.1573231396484375 0.3669722880859375 0.146933078125
0 0.3111388134765625 0.2379877646484375 0.201463595703125 0.297567484375 0.2063577548828125 0.3065247529296875 0.3131082607421875 0.248980859375 0.3111388134765625 0.2379877646484375
0 0.16312484765625 0.74403520703125 0.1664739501953125 0.867245951171875 0.171110154296875 0.8615222216796875 0.1755799228515625 0.7452329208984375 0.16312484765625 0.74403520703125
0 0.10733264453125 0.837438853515625 0.1188960126953125 0.7204917001953125 0.1111080966796875 0.7153319755859375 0.0984346884765625 0.8364994521484375 0.10733264453125 0.837438853515625
0 0.095831798828125 0.4861755244140625 0.0955721923828125 0.606191755859375 0.1045011044921875 0.6088928779296875 0.1076441484375 0.484491861328125 0.095831798828125 0.4861755244140625
0 0.6715165048828124 0 0.65070714453125 0.0433739169921875 0.6609061259765625 0.0451878544921875 0.68545483984375 0 0.6715165048828124 0
0 0.1933560859375 0.0950547490234375 0.2361478798828125 0.0224468291015625 0.2178465859375 0.0229703388671875 0.1825871943359375 0.0892548095703125 0.1933560859375 0.0950547490234375
0 0.1487137880859375 0.0557937119140625 0.1684640888671875 0.0282512607421875 0.155420900390625 0.0275016396484375 0.1344574375 0.055484642578125 0.1487137880859375 0.0557937119140625