0 0 0.2365905498046875 0.021469197265625 0.310015203125 0.0296274921875 0.3087270517578125 0.000858767578125 0.2202739599609375 0 0.2365905498046875
0 0.085876787109375 0.4422654560546875 0.0030056875 0.385157392578125 0.0003435068359375 0.4005293369140625 0.0772891083984375 0.4521412861328125 0.085876787109375 0.4422654560546875
0 0.169950162109375 0.3988118017578125 0.296618423828125 0.409117015625 0.3013416474609375 0.394088578125 0.1759615380859375 0.3846421318359375 0.169950162109375 0.3988118017578125
0 0.2626970927734375 0.444841759765625 0.2657027802734375 0.4504237509765625 0.3623141669921875 0.3877336962890625 0.3563027919921875 0.382151705078125 0.2626970927734375 0.444841759765625
0 0.1931368955078125 0.45471758984375 0.1918487431640625 0.4675991083984375 0.309929326171875 0.435824697265625 0.3103587099609375 0.42637825 0.1931368955078125 0.45471758984375
0 0.08836721484375 0.43968915234375 0.0763444638671875 0.4444123759765625 0.1287293046875 0.5483232880859376 0.13903451953125 0.5453176005859375 0.08836721484375 0.43968915234375
0 0.3408449697265625 0.468887259765625 0.391941658203125 0.37399341015625 0.38077767578125 0.371846490234375 0.3309691396484375 0.4667403408203125 0.3408449697265625 0.468887259765625
0 0.391941658203125 0.4019033662109375 0.38378336328125 0.400185830078125 0.3653198544921875 0.47833370703125 0.3782013720703125 0.479192474609375 0.391941658203125 0.4019033662109375
0 0.373048765625 0.5139725732421875 0.3812070595703125 0.6354882275390625 0.3906535068359375 0.6354882275390625 0.3846421318359375 0.5139725732421875 0.373048765625 0.5139725732421875
0 0.1377463671875 0.49336214453125 0.12744115234375 0.497655984375 0.2120297880859375 0.59469675390625 0.21675301171875 0.58567969140625 0.1377463671875 0.49336214453125
0 0.1841198330078125 0.6264711650390625 0.1948544306640625 0.628188701171875 0.1553511083984375 0.5131138056640625 0.14504589453125 0.516548876953125 0.1841198330078125 0.6264711650390625
0 0.0386445546875 0.6887318359375 0.0012881513671875 0.6599631123046875 0 0.6767090859375 0.0356388671875 0.6973195146484376 0.0386445546875 0.6887318359375
0 0.1837763251953125 0.8514683486328125 0.178194333984375 0.8617735634765625 0.2739469521484375 0.889254134765625 0.2790995595703125 0.8776607685546876 0.1837763251953125 0.8514683486328125
0 0.3366370068359375 0.8128237939453125 0.4534294384765625 0.8476038935546875 0.4521412861328125 0.8381574462890625 0.3460834541015625 0.8038067314453125 0.3366370068359375 0.8128237939453125
0 0.617883486328125 0.8445982060546875 0.500661671875 0.851897732421875 0.503237974609375 0.8617735634765625 0.616165951171875 0.854903419921875 0.617883486328125 0.8445982060546875
0 0.8089593388671875 0.8463157412109376 0.929186841796875 0.8433100537109375 0.924034234375 0.8342929912109375 0.807241802734375 0.8364399111328125 0.8089593388671875 0.8463157412109376
0 0.0416518095703125 0.816284658203125 0.0019810859375 0.787151349609375 0 0.7950008857421875 0.039131599609375 0.8262416767578125 0.0416518095703125 0.816284658203125