0 0.1629578828125 0 0.06769763671875 0.034574150390625 0.0708407412109375 0.04182746875 0.1721454189453125 0 0.1629578828125 0
0 0 0.2414952451171875 0.0006789931640625 0.258243744140625 0.02557541015625 0.338591271484375 0.0359866396484375 0.3342909814453125 0 0.2414952451171875
0 0 0.2754449052734375 0.0174274921875 0.3141475166015625 0.0208224580078125 0.314826509765625 0 0.257338419921875 0 0.2754449052734375
0 0.1760205869140625 0.4214155927734375 0.3014386552734375 0.4295772890625 0.3011665986328125 0.4167906318359375 0.17874115234375 0.412709783203125 0.1760205869140625 0.4214155927734375
0 0.01088226171875 0.4230479326171875 0.0057131875 0.4284890634765625 0.0982124140625 0.4888856171875 0.102837375 0.482356259765625 0.01088226171875 0.4230479326171875
0 0.3534014560546875 0.3977466728515625 0.2668874736328125 0.4676652060546875 0.2780417919921875 0.4752827890625 0.360746982421875 0.402915748046875 0.3534014560546875 0.3977466728515625
0 0.3816953369140625 0.39693050390625 0.3365339501953125 0.493510578125 0.345239759765625 0.497863482421875 0.388768806640625 0.397202560546875 0.3816953369140625 0.39693050390625
0 0.315041482421875 0.465760810546875 0.309872408203125 0.4494374169921875 0.1926160361328125 0.4831724296875 0.195064544921875 0.4951429169921875 0.315041482421875 0.465760810546875
0 0.3895849765625 0.4225038193359375 0.383599732421875 0.4225038193359375 0.3629234345703125 0.5354072861328125 0.372717470703125 0.5351352294921875 0.3895849765625 0.4225038193359375
0 0.0938595087890625 0.4858929951171875 0.14337380078125 0.589818595703125 0.155616345703125 0.5928112177734375 0.102021205078125 0.4834444853515625 0.0938595087890625 0.4858929951171875
0 0.3825115068359375 0.52724558984375 0.36836456640625 0.532686720703125 0.379246828125 0.654840111328125 0.389312919921875 0.6513033759765625 0.3825115068359375 0.52724558984375
0 0.1466384794921875 0.5288779296875 0.1414694052734375 0.539488134765625 0.2217260869140625 0.6289947392578125 0.228255443359375 0.620560986328125 0.1466384794921875 0.5288779296875
0 0.201321845703125 0.666266486328125 0.2094835419921875 0.664090033203125 0.16513832421875 0.5530909619140625 0.1534398935546875 0.556083583984375 0.201321845703125 0.666266486328125
0 0 0.6853518720703125 0.053535033203125 0.7218177646484375 0.0587075 0.7169039208984375 0 0.6713862119140624 0 0.6853518720703125
0 0.36388305078125 0.8979402646484375 0.2609509580078125 0.879060759765625 0.2604337119140625 0.888371201171875 0.3631071806640625 0.9044058486328125 0.36388305078125 0.8979402646484375
0 0.4975383974609375 0.84874197265625 0.614141701171875 0.8431673125 0.6127480361328125 0.8315534384765625 0.496144732421875 0.8385217626953125 0.4975383974609375 0.84874197265625
0 0.6666364150390625 0.858033072265625 0.786956158203125 0.8543166328125 0.7790587236328125 0.8431673125 0.6694237451171875 0.8445609775390625 0.6666364150390625 0.858033072265625
0 0.2759450244140625 0 0.267912322265625 0.0154170078125 0.276312587890625 0.01600345703125 0.2942240693359375 0 0.2759450244140625 0
0 0 0.748827017578125 0.039989484375 0.7714569423828125 0.0430892060546875 0.75930915625 0 0.73924605859375 0 0.748827017578125
0 0 0.7970917275390625 0.0360053232421875 0.830700416015625 0.043661162109375 0.8209827451171875 0 0.7849578916015625 0 0.7970917275390625
0 0.94708062109375 0.7978325068359375 0.9990234375 0.8535990185546874 0.9990234375 0.8396969775390625 0.9532237177734375 0.7878567216796875 0.94708062109375 0.7978325068359375