0 1 0.468164681640625 0.9422243232421875 0.49383423046875 0.9438226103515625 0.50282609375 1 0.4762158134765625 1 0.468164681640625
0 0.8884127724609375 0.589780634765625 0.9513626533203124 0.4912570625 0.94305960546875 0.4881510078125 0.8806799658203125 0.586767986328125 0.8884127724609375 0.589780634765625
0 0.7329084482421875 0.4240459658203125 0.8658182626953125 0.433594548828125 0.8596724921875 0.41978377734375 0.7362062109375 0.4135280615234375 0.7329084482421875 0.4240459658203125
0 0.7681333740234375 0.466482083984375 0.6800606318359375 0.3862892666015625 0.6744963544921875 0.3923618857421875 0.7625690966796875 0.4725547041015625 0.7681333740234375 0.466482083984375
0 0.727649373046875 0.4359886201171875 0.720930158203125 0.44594608984375 0.828924419921875 0.493899802734375 0.828506779296875 0.4967414140625 0.834085509765625 0.4865971337890625 0.727649373046875 0.4359886201171875
0 0.6944163173828125 0.4753593564453125 0.6573633779296875 0.3738413857421875 0.6470154892578125 0.37272840234375 0.6856120986328125 0.4756632353515625 0.6944163173828125 0.4753593564453125
0 0.65761240625 0.487372994140625 0.653284951171875 0.397617513671875 0.6412954091796875 0.39972765234375 0.648946333984375 0.49468355078125 0.65761240625 0.487372994140625
0 0.8015769423828125 0.620371220703125 0.8911177880859374 0.5395893525390625 0.8859309892578126 0.5311737001953125 0.7929686904296875 0.6113951318359375 0.8015769423828125 0.620371220703125
0 0.8261343203125 0.659895982421875 0.8775412099609375 0.5524976142578125 0.864175052734375 0.55205424609375 0.8112389482421875 0.65396408984375 0.8261343203125 0.659895982421875
0 0.6260885185546875 0.6422605234375 0.649513373046875 0.5186386044921875 0.639902783203125 0.5164823828125 0.6126532880859376 0.6383138154296875 0.6260885185546875 0.6422605234375
0 0.6937193603515625 0.901272263671875 0.7999546806640625 0.893647462890625 0.79966393359375 0.883705767578125 0.6999518623046875 0.890653064453125 0.6937193603515625 0.901272263671875
0 0.5417762802734375 0.834479634765625 0.6573603544921875 0.8109260380859376 0.6524241416015625 0.80080541796875 0.541165875 0.8227395654296875 0.5417762802734375 0.834479634765625
0 0.371967775390625 0.8177230244140625 0.4886859287109375 0.8420795341796875 0.490759677734375 0.8319431396484375 0.377880619140625 0.8053054541015625 0.371967775390625 0.8177230244140625
0 0.0673347099609375 0.7567659482421875 0.18992234375 0.780919873046875 0.192399279296875 0.772013529296875 0.071522373046875 0.748139822265625 0.0673347099609375 0.7567659482421875
0 0.9953182783203125 0.724608396484375 0.9523176220703125 0.7470696318359376 0.9517141611328125 0.755907869140625 0.993219875 0.7388858466796875 0.9953182783203125 0.724608396484375
0 0.976665720703125 0.8515196015625 0.9282801845703125 0.87759456640625 0.93048562890625 0.889224962890625 0.975086765625 0.8622627421875 0.976665720703125 0.8515196015625