0 0.02704326953125 0.294471154296875 0.0030048076171875 0.218599759765625 0.0007512021484375 0.226111779296875 0.02178485546875 0.2974759619140625 0.02704326953125 0.294471154296875
0 0.1727764423828125 0.380859375 0.174278845703125 0.3816105771484375 0.294471154296875 0.396634615234375 0.29522235546875 0.3898737978515625 0.1750300478515625 0.3756009619140625 0.1727764423828125 0.380859375
0 0.1998197119140625 0.447716345703125 0.31024639453125 0.421424279296875 0.3034855771484375 0.4146634619140625 0.1953125 0.44170673046875 0.1998197119140625 0.447716345703125
0 0.2666766826171875 0.4387019228515625 0.3605769228515625 0.3816105771484375 0.357572115234375 0.3756009619140625 0.2584134619140625 0.433443509765625 0.2666766826171875 0.4387019228515625
0 0.33954326953125 0.4544771630859375 0.389122595703125 0.367337740234375 0.3853665869140625 0.361328125 0.338040865234375 0.4499699521484375 0.33954326953125 0.4544771630859375
0 0.37334735546875 0.474759615234375 0.38837139453125 0.3936298076171875 0.382361779296875 0.392127404296875 0.369591345703125 0.480018029296875 0.37334735546875 0.474759615234375
0 0.128455529296875 0.52734375 0.0833834130859375 0.423677884765625 0.074368990234375 0.4251802880859375 0.12469951953125 0.52959735546875 0.128455529296875 0.52734375
0 0.2118389423828125 0.572415865234375 0.1337139423828125 0.482271634765625 0.12469951953125 0.4837740380859375 0.208834134765625 0.576171875 0.2118389423828125 0.572415865234375
0 0.089393029296875 0.4341947119140625 0.00225360546875 0.3801081728515625 0.0030048076171875 0.3898737978515625 0.0811298076171875 0.4402043271484375 0.089393029296875 0.4341947119140625
0 0.201322115234375 0.655799279296875 0.1509915869140625 0.498046875 0.142728365234375 0.5033052880859376 0.189302884765625 0.6588040869140624 0.201322115234375 0.655799279296875
0 0.3861177880859375 0.6280048076171875 0.3801081728515625 0.5108173076171875 0.37334735546875 0.506310095703125 0.365084134765625 0.6280048076171875 0.3861177880859375 0.6280048076171875
0 0.3958834130859375 0.8270733173828125 0.30048076953125 0.765474759765625 0.29296875 0.772986779296875 0.392127404296875 0.8293269228515625 0.3958834130859375 0.8270733173828125
0 0.5498798076171875 0.855618990234375 0.5498798076171875 0.84735576953125 0.4402043271484375 0.853365384765625 0.5498798076171875 0.855618990234375
0 0.7489483173828125 0.8451021630859376 0.8601262021484375 0.83984375 0.860877404296875 0.83759014453125 0.748197115234375 0.8330829326171875 0.7489483173828125 0.8451021630859376
0 0.152493990234375 0.8428485576171875 0.2493990380859375 0.8781550478515625 0.25165264453125 0.8736478369140624 0.152493990234375 0.8428485576171875
0 0 0.79852764453125 0.03155048046875 0.8255709130859376 0.0360576923828125 0.818810095703125 0 0.791015625 0 0.79852764453125
0 0.030799279296875 0.679837740234375 0.00225360546875 0.6595552880859376 0.0007512021484375 0.6670673076171875 0.0240384619140625 0.68584735546875 0.030799279296875 0.679837740234375
0 0.001391884765625 0.748369884765625 0.032941265625 0.7664643828125 0.037580880859375 0.75625723046875 0 0.73677084765625 0.001391884765625 0.748369884765625