0 0.6126559990234375 0.72326244140625 0.60948241015625 0.8303682177734375 0.6145951220703125 0.8329205927734376 0.620327029296875 0.7240179189453125 0.6126559990234375 0.72326244140625
0 0.646258865234375 0.7321329736328125 0.68490373828125 0.854186865234375 0.690020376953125 0.8505930732421875 0.6546605634765625 0.732814064453125 0.646258865234375 0.7321329736328125
0 0.6561592158203124 0.6742767158203125 0.607699931640625 0.761409818359375 0.619570828125 0.764042384765625 0.6607214716796875 0.6807262333984375 0.6561592158203124 0.6742767158203125
0 0.6499691611328124 0.6426416337890625 0.5655485419921875 0.6957930283203125 0.5759581044921875 0.6985743681640625 0.6578223681640625 0.6441467861328125 0.6499691611328124 0.6426416337890625
0 0.62129290234375 0.641719966796875 0.5273893125 0.6712537294921875 0.5304902314453125 0.6778520224609375 0.62823130078125 0.6456229150390626 0.62129290234375 0.641719966796875
0 0.527943697265625 0.661210419921875 0.4081200556640625 0.664190630859375 0.40738153125 0.676557349609375 0.5319574599609375 0.668483998046875 0.527943697265625 0.661210419921875
0 0.8431482490234375 1 0.8022628544921875 0.99204195703125 0.8022608896484374 0.9951150390625 0.8263241650390625 1 0.8431482490234375 1
0 0.704275203125 1 0.642111546875 0.9338290341796875 0.6377255771484375 0.9373484384765625 0.69217623046875 1 0.704275203125 1
0 0.639004736328125 0.936449990234375 0.5250558984375 0.892738861328125 0.5203036123046875 0.897832001953125 0.63132977734375 0.941840677734375 0.639004736328125 0.936449990234375
0 0.5776620224609375 0.8904560849609375 0.4706731875 0.8168439921875 0.464821953125 0.8266583359375 0.576927427734375 0.8966766376953125 0.5776620224609375 0.8904560849609375
0 0.5570329296875 0.873350748046875 0.4377813486328125 0.83862990234375 0.4304687783203125 0.84859301953125 0.55428654296875 0.8836172177734375 0.5570329296875 0.873350748046875
0 0.16535810546875 0.685064341796875 0.20273756640625 0.7865051015625 0.211141228515625 0.784113109375 0.1733954521484375 0.6842460849609375 0.16535810546875 0.685064341796875
0 0.1638834990234375 0.4201783076171875 0.1864634990234375 0.528503298828125 0.194869125 0.523038224609375 0.172287162109375 0.4177863173828125 0.1638834990234375 0.4201783076171875
0 0.1157713681640625 0.2499221201171875 0.137620701171875 0.3583214970703125 0.1465708916015625 0.35817852734375 0.1238087158203125 0.24910386328125 0.1157713681640625 0.2499221201171875