0 0.0713641826171875 0.02704326953125 0.1374699521484375 0.00225360546875 0.1277043271484375 0 0.07061298046875 0.0225360576171875 0.0713641826171875 0.02704326953125
0 0 0.262169470703125 0.015775240234375 0.3094951923828125 0.018028845703125 0.2997295673828125 0 0.255408654296875 0 0.262169470703125
0 0 0.2471454326171875 0.02704326953125 0.3252704326171875 0.0300480771484375 0.320763220703125 0 0.2351262021484375 0 0.2471454326171875
0 0.177283654296875 0.40790264453125 0.29522235546875 0.419921875 0.29522235546875 0.413912259765625 0.17803485546875 0.3996394228515625 0.177283654296875 0.40790264453125
0 0.09540264453125 0.4657451923828125 0.00751201953125 0.40790264453125 0.006009615234375 0.418419470703125 0.089393029296875 0.470252404296875 0.09540264453125 0.4657451923828125
0 0.142728365234375 0.5671574521484375 0.0931490380859375 0.464993990234375 0.08563701953125 0.46649639453125 0.1374699521484375 0.5731670673828125 0.142728365234375 0.5671574521484375
0 0.218599759765625 0.6024639423828125 0.1419771630859375 0.51532451953125 0.1359675478515625 0.521334134765625 0.21709735546875 0.60772235546875 0.218599759765625 0.6024639423828125
0 0.2005709130859375 0.477013220703125 0.3072415869140625 0.4499699521484375 0.308743990234375 0.44170673046875 0.1923076923828125 0.4732572119140625 0.2005709130859375 0.477013220703125
0 0.2704326923828125 0.467247595703125 0.3568209130859375 0.3973858173828125 0.350060095703125 0.3958834130859375 0.27118389453125 0.4544771630859375 0.2704326923828125 0.467247595703125
0 0.343299279296875 0.48602764453125 0.392127404296875 0.3936298076171875 0.382361779296875 0.38311298046875 0.3365384619140625 0.48076923046875 0.343299279296875 0.48602764453125
0 0.372596154296875 0.51983173046875 0.3876201923828125 0.4244290869140625 0.3816105771484375 0.419921875 0.3665865380859375 0.5205829326171875 0.372596154296875 0.51983173046875
0 0.2336237978515625 0.6986177880859376 0.160006009765625 0.535606970703125 0.1570012021484375 0.543118990234375 0.22235576953125 0.703125 0.2336237978515625 0.6986177880859376
0 0.2276141826171875 0.87890625 0.3230168271484375 0.8984375 0.322265625 0.8894230771484375 0.2253605771484375 0.869140625 0.2276141826171875 0.87890625
0 0.4387019228515625 0.84209735546875 0.5461237978515625 0.843599759765625 0.540865384765625 0.8345853369140624 0.44170673046875 0.8353365380859376 0.4387019228515625 0.84209735546875
0 0.60772235546875 0.8548677880859376 0.7136418271484375 0.853365384765625 0.714393029296875 0.8503605771484375 0.603966345703125 0.849609375 0.60772235546875 0.8548677880859376
0 0.9232271630859376 0.8368389423828125 0.992337740234375 0.857872595703125 0.9908353369140624 0.85186298046875 0.9224759619140624 0.82782451953125 0.9232271630859376 0.8368389423828125
0 0.048828125 0.704627404296875 0.0007512021484375 0.670072115234375 0.0007512021484375 0.679837740234375 0.0480769228515625 0.7098858173828125 0.048828125 0.704627404296875
0 0.040564904296875 0.7572115380859376 0.0007512021484375 0.74444110546875 0.0067608173828125 0.753455529296875 0.040564904296875 0.7609675478515625 0.040564904296875 0.7572115380859376
0 0.042818509765625 0.821814904296875 0.0030048076171875 0.7902644228515625 0 0.799278845703125 0.0360576923828125 0.8248197119140624 0.042818509765625 0.821814904296875
0 0.3700418642578125 0.5284105107421875 0.3816298134765625 0.653560369140625 0.39399029296875 0.6442900087890625 0.3831748740234375 0.526865451171875 0.3700418642578125 0.5284105107421875