0 0.3058317705078125 0 0.2996575087890625 0.0012348525390625 0.2634351728515625 0.0720330546875 0.2638467900390625 0.0724446728515625 0.2749604619140625 0.0761492294921875 0.3058317705078125 0
0 0.1807000634765625 0.068740115234375 0.18481623828125 0.07697246484375 0.2786650185546875 0.020992490234375 0.2786650185546875 0.0098788193359375 0.1807000634765625 0.068740115234375
0 0.070798203125 0.1082553916015625 0.1835813857421875 0.0609193837890625 0.1802884462890625 0.050628947265625 0.1786419765625 0.051040564453125 0.0670936455078125 0.0991998076171875 0.070798203125 0.1082553916015625
0 0.038692041015625 0.402150255859375 0.0473360078125 0.3918598193359375 0.008232349609375 0.3017155966796875 0.003704556640625 0.307478240234375 0.038692041015625 0.402150255859375
0 0.0004116171875 0.2873089853515625 0 0.3050085361328125 0.0279899873046875 0.381157765625 0.032929396484375 0.3704557119140625 0.0004116171875 0.2873089853515625
0 0.1831697685546875 0.4762413984375 0.309536328125 0.48200404296875 0.3103595625 0.474183310546875 0.1839930029296875 0.467597431640625 0.1831697685546875 0.4762413984375
0 0.3474051337890625 0.4359028876953125 0.270432669921875 0.5239890234375 0.2782534013671875 0.53016328515625 0.3568723359375 0.443723619140625 0.3474051337890625 0.4359028876953125
0 0.205397111328125 0.544981513671875 0.20910166796875 0.5585648896484375 0.3210616171875 0.51904961328125 0.3198267646484375 0.50587785546875 0.205397111328125 0.544981513671875
0 0.0251086650390625 0.5009384453125 0.121838767578125 0.562681064453125 0.12472008984375 0.55444871484375 0.039103658203125 0.4955874189453125 0.0251086650390625 0.5009384453125
0 0.3770415908203125 0.4544256728515625 0.3416424892578125 0.563092681640625 0.35110969140625 0.563092681640625 0.3881552626953125 0.4568953779296875 0.3770415908203125 0.4544256728515625
0 0.3914482021484375 0.488589921875 0.3823926181640625 0.486120216796875 0.3679860068359375 0.5972569306640625 0.37580673828125 0.5947872255859376 0.3914482021484375 0.488589921875
0 0.3737486513671875 0.572148265625 0.3828042353515625 0.6956335029296875 0.3926830546875 0.6981032080078124 0.3815693828125 0.5717366484375 0.3737486513671875 0.572148265625
0 0.175349037109375 0.6203075078125 0.2543795888671875 0.7104517314453125 0.2613770849609375 0.7075704091796875 0.1807000634765625 0.6116635419921875 0.175349037109375 0.6203075078125
0 0.127601412109375 0.58943619921875 0.193460205078125 0.691517328125 0.2033390234375 0.68493144921875 0.1378918486328125 0.5857316416015625 0.127601412109375 0.58943619921875
0 0.1893440302734375 0.6433580859375 0.247382091796875 0.747908919921875 0.258495763671875 0.742557892578125 0.1975763798828125 0.6392419111328125 0.1893440302734375 0.6433580859375
0 0.008232349609375 0.7137446708984375 0.10084627734375 0.7742524375 0.1086670087890625 0.76931302734375 0.014406611328125 0.706747173828125 0.008232349609375 0.7137446708984375
0 0.0471350048828125 0.8244337607421875 0 0.790587861328125 0.0002322802734375 0.8019025849609375 0.0463845615234375 0.840336017578125 0.0471350048828125 0.8244337607421875
0 0 0.75562523046875 0.0466525771484375 0.779058724609375 0.04891730859375 0.768878599609375 0 0.74215298046875 0 0.75562523046875
0 0.0012348525390625 0.6960451201171876 0.0008232353515625 0.712098201171875 0.06627041015625 0.7549064169921875 0.06585879296875 0.748320537109375 0.0012348525390625 0.6960451201171876
0 0.6552949921875 0.9109094326171875 0.6536485224609375 0.906381640625 0.6536485224609375 0.908439728515625 0.54251180859375 0.91173266796875 0.5466279833984375 0.9224347216796875 0.6544717568359375 0.920376634765625 0.6552949921875 0.9109094326171875
0 0.8294091767578124 0.842992552734375 0.9434272119140625 0.84011123046875 0.9401342724609375 0.8294091767578124 0.826116236328125 0.8343485859375 0.8294091767578124 0.842992552734375
0 0.0273241875 0.407727619140625 0.003430599609375 0.4162460478515625 0.0023272685546875 0.42565339453125 0.03171517578125 0.419113814453125 0.0273241875 0.407727619140625
0 0 0.39920919140625 0.0303214951171875 0.4095009892578125 0.0311389423828125 0.3981549970703125 0 0.3865141875 0 0.39920919140625