0 0.3187776904296875 0.410300888671875 0.20237186328125 0.3840597216796875 0.2004121904296875 0.3913866513671875 0.317802998046875 0.416249568359375 0.3187776904296875 0.410300888671875
0 0.323297548828125 0.44294741015625 0.21316873046875 0.46179471875 0.2150374296875 0.4689226591796875 0.325166248046875 0.4500753515625 0.323297548828125 0.44294741015625
0 0.3710948251953125 0.3875283134765625 0.2788602587890625 0.4546939765625 0.2845470439453125 0.4570525 0.374070341796875 0.3925344208984375 0.3710948251953125 0.3875283134765625
0 0.4040778583984375 0.390090001953125 0.3428065400390625 0.4953104453125 0.3505954111328125 0.4987393115234375 0.4048397412109375 0.3993397802734375 0.4040778583984375 0.390090001953125
0 0.3961379033203125 0.429282171875 0.3656154091796875 0.5321671162109375 0.36833696484375 0.5340899638671875 0.4022004853515625 0.4339803681640625 0.3961379033203125 0.429282171875
0 0.364244341796875 0.526635263671875 0.3572205849609375 0.643633650390625 0.367466763671875 0.6413316748046874 0.3769581162109375 0.523172875 0.364244341796875 0.526635263671875
0 0.3565488837890625 0 0.3552826787109375 0.002177447265625 0.3560342744140625 0.006856796875 0.36119051953125 0 0.3565488837890625 0
0 0.1506201005859375 0 0.1487839052734375 0.0068652646484375 0.1774026240234375 0 0.1506201005859375 0
0 0.0513839931640625 0.1935868271484375 0.0665583056640625 0.2955710712890625 0.07358529296875 0.2897501591796875 0.05631918359375 0.191266001953125 0.0513839931640625 0.1935868271484375
0 0.035019966796875 0.3861229794921875 0.1192972333984375 0.4601861015625 0.122861357421875 0.4523334228515625 0.04365140625 0.3797763203125 0.035019966796875 0.3861229794921875
0 0.05133578515625 0.2819121552734375 0.036255677734375 0.2766505126953125 0.035524658203125 0.2811120224609375 0.04727402734375 0.288168744140625 0.05133578515625 0.2819121552734375
0 0.1136310234375 0.4669684375 0.1572392626953125 0.580745298828125 0.161798654296875 0.5760847998046875 0.1225267119140625 0.4682754677734375 0.1136310234375 0.4669684375
0 0.227095427734375 0.61309226171875 0.162771732421875 0.514547380859375 0.16746325 0.5137137265625 0.14918452734375 0.5140740068359375 0.2168492490234375 0.61539423828125 0.227095427734375 0.61309226171875
0 0.1676571005859375 0.5449631474609375 0.2032327958984375 0.6567983134765625 0.2097621484375 0.6493813125 0.1740646181640625 0.5382897314453124 0.1676571005859375 0.5449631474609375
0 0.0551651767578125 0.666263900390625 0.007228306640625 0.6211991962890625 0.007409673828125 0.6367857978515625 0.046544025390625 0.67718098828125 0.0551651767578125 0.666263900390625
0 0.4538715361328125 0.8923722119140625 0.354526064453125 0.8732066123046875 0.3519469208984375 0.8796810400390624 0.4541357841796875 0.9000258994140625 0.4538715361328125 0.8923722119140625
0 0.7430501826171875 0.8556662177734375 0.641998998046875 0.846910810546875 0.6395519775390625 0.8572120810546875 0.7454165166015625 0.8643902490234375 0.7430501826171875 0.8556662177734375
0 0.9172411240234375 0.90958796875 0.9206736650390624 0.89922152734375 0.8119471083984375 0.880202681640625 0.8119706064453125 0.8906420810546875 0.9172411240234375 0.90958796875