0 0.1722935263671875 0.3404017861328125 0.292271205078125 0.3578404013671875 0.2957589287109375 0.350864955078125 0.1688058037109375 0.33203125 0.1722935263671875 0.3404017861328125
0 0.01953125 0.2420479912109375 0.0034877236328125 0.1869419638671875 0 0.2015904013671875 0.0146484375 0.2462332587890625 0.01953125 0.2420479912109375
0 0 0.337611607421875 0.0718470986328125 0.380161830078125 0.073939732421875 0.3738839287109375 0 0.3306361611328125 0 0.337611607421875
0 0.1109095986328125 0.458286830078125 0.067661830078125 0.3550502236328125 0.0606863837890625 0.360630580078125 0.1053292412109375 0.4610770087890625 0.1109095986328125 0.458286830078125
0 0.189732142578125 0.5147879462890625 0.200892857421875 0.5113002236328125 0.118037166015625 0.4221781357421875 0.111607142578125 0.424107142578125 0.189732142578125 0.5147879462890625
0 0.166015625 0.5482700888671875 0.1332310263671875 0.4345703125 0.1234654013671875 0.4380580361328125 0.160435267578125 0.552455357421875 0.166015625 0.5482700888671875
0 0.186244419921875 0.401088169921875 0.2915736611328125 0.3836495537109375 0.292271205078125 0.3773716513671875 0.184849330078125 0.3934151787109375 0.186244419921875 0.401088169921875
0 0.2622767861328125 0.3969029013671875 0.3627232138671875 0.352260044921875 0.3564453125 0.345982142578125 0.262974330078125 0.391322544921875 0.2622767861328125 0.3969029013671875
0 0.3383091513671875 0.3982979912109375 0.3934151787109375 0.3271484375 0.3878348212890625 0.322265625 0.331333705078125 0.394810267578125 0.3383091513671875 0.3982979912109375
0 0.371791294921875 0.4422433037109375 0.3920200888671875 0.3515625 0.386439732421875 0.3466796875 0.3627232138671875 0.440150669921875 0.371791294921875 0.4422433037109375
0 0.386439732421875 0.6026785712890625 0.380161830078125 0.482700892578125 0.37109375 0.4799107138671875 0.376674107421875 0.591517857421875 0.386439732421875 0.6026785712890625
0 0.287388392578125 0.72265625 0.2169363837890625 0.6424386162109375 0.2113560263671875 0.645228794921875 0.283203125 0.7261439736328125 0.287388392578125 0.72265625
0 0.3194754462890625 0.7979910712890625 0.2378627236328125 0.7289341513671875 0.233677455078125 0.732421875 0.3159877236328125 0.8042689736328125 0.3194754462890625 0.7979910712890625
0 0.1597377236328125 0.8321707587890625 0.078822544921875 0.791713169921875 0.0711495537109375 0.796595982421875 0.1499720986328125 0.8377511162109375 0.1597377236328125 0.8321707587890625
0 0.0313895087890625 0.7533482138671875 0.0027901787109375 0.7386997763671875 0 0.7456752236328125 0.0258091513671875 0.7596261162109375 0.0313895087890625 0.7533482138671875
0 0.034877232421875 0.8168247763671875 0.0027901787109375 0.791015625 0 0.796595982421875 0.029994419921875 0.819614955078125 0.034877232421875 0.8168247763671875
0 0.5712890625 0.840541294921875 0.4624720986328125 0.8370535712890625 0.45590151171875 0.8426855029296875 0.5740792412109375 0.8482142861328125 0.5712890625 0.840541294921875
0 0.864955357421875 0.858677455078125 0.9793526787109375 0.863560267578125 0.9751674111328125 0.8565848212890625 0.868443080078125 0.8510044638671875 0.864955357421875 0.858677455078125