0 0.39168030859375 0.9527278798828125 0.3913803134765625 0.953229001953125 0.418669322265625 0.9843634443359375 0.4290406298828125 0.9839408466796875 0.401573669921875 0.946382046875 0.39168030859375 0.9527278798828125
0 0.3118509775390625 0.9769212109375 0.346469693359375 0.9873053544921875 0.37528778125 0.986131107421875 0.31385451953125 0.9679186435546875 0.3118509775390625 0.9769212109375
0 0.1955832353515625 0.9658343828125 0.1941786064453125 0.9755332353515626 0.2842277880859375 0.989841517578125 0.3162310927734375 0.988537482421875 0.316541576171875 0.9837908857421875 0.1955832353515625 0.9658343828125
0 0.1041521494140625 0.696643203125 0.0932688330078125 0.688806515625 0.0822171279296875 0.789276466796875 0.0880080625 0.7937425205078125 0.1041521494140625 0.696643203125
0 0.0792182607421875 0.792589150390625 0.0839024140625 0.8096499912109375 0.095346234375 0.720967748046875 0.0879599853515625 0.7118140537109375 0.0792182607421875 0.792589150390625
0 0.336897919921875 0.5442676376953125 0.215605208984375 0.5811651435546875 0.218496916015625 0.5893430185546875 0.33959034765625 0.5516472421875 0.336897919921875 0.5442676376953125
0 0.28876940234375 0.51324445703125 0.3848239345703125 0.579588130859375 0.3921223603515625 0.569658884765625 0.2948678515625 0.505319697265625 0.28876940234375 0.51324445703125
0 0.220854162109375 0.4949129443359375 0.2205455751953125 0.509002287109375 0.341109654296875 0.51856813671875 0.339120078125 0.50548984375 0.220854162109375 0.4949129443359375
0 0.1351353330078125 0.512542556640625 0.056167314453125 0.596379521484375 0.071050193359375 0.59810076953125 0.1399255712890625 0.5198113671875 0.1351353330078125 0.512542556640625
0 0.3484403046875 0.4576830595703125 0.4091137919921875 0.5542840625 0.419306072265625 0.5491356357421875 0.357631890625 0.455337388671875 0.3484403046875 0.4576830595703125
0 0.4066367568359375 0.522224814453125 0.4148308681640625 0.5175863173828125 0.373937658203125 0.4184848125 0.3657467705078125 0.4180277275390625 0.4066367568359375 0.522224814453125
0 0.3563196455078125 0.31896285546875 0.3774196865234375 0.4409471943359375 0.3851123740234375 0.4394086005859375 0.3653130244140625 0.3141203857421875 0.3563196455078125 0.31896285546875
0 0.2280467646484375 0.336413515625 0.1731381708984375 0.4434054453125 0.1804258525390625 0.4504614765625 0.2355380244140625 0.33747370703125 0.2280467646484375 0.336413515625
0 0.17348435546875 0.3698676318359375 0.13425361328125 0.48517094921875 0.145141224609375 0.4862135263671875 0.1846698134765625 0.3738061435546875 0.17348435546875 0.3698676318359375
0 0.2121857470703125 0.30182594140625 0.181145890625 0.4175863427734375 0.1901349736328125 0.419537984375 0.2242711884765625 0.30426108984375 0.2121857470703125 0.30182594140625
0 0.0635390478515625 0.31258817578125 0.012835767578125 0.367568296875 0.0132838671875 0.380400197265625 0.072327775390625 0.3154400751953125 0.0635390478515625 0.31258817578125
0 0.0346528603515625 0.33991434375 0.0127021416015625 0.3637417373046875 0.0131520595703125 0.376625701171875 0.0358474658203125 0.346402498046875 0.0346528603515625 0.33991434375
0 0.565674728515625 0.0337243095703125 0.4604723935546875 0.058448884765625 0.45906669140625 0.0698462646484375 0.5677650205078125 0.0455032099609375 0.5682632197265625 0.047498888671875 0.568765716796875 0.0427004560546875 0.565674728515625 0.0337243095703125
0 0.865647666015625 0.0399617744140625 0.7542515400390625 0.0654178642578125 0.7531469052734375 0.0746155947265625 0.865041232421875 0.05115518359375 0.865647666015625 0.0399617744140625
0 0.05562179296875 0.683874828125 0.0808818212890625 0.6862148720703125 0.0823887265625 0.6740860068359374 0.052273353515625 0.67502612109375 0.05562179296875 0.683874828125
0 0.059488240234375 0.7135550888671875 0.0869027568359375 0.6945520380859375 0.08336258984375 0.683752640625 0.0564151689453125 0.7012450498046875 0.059488240234375 0.7135550888671875